0 0.71328125 0.11640625 0.08125 0.103125
0 0.565625 0.1578125 0.0765625 0.09375
0 0.53828125 0.08359375 0.065625 0.075
0 0.52421875 0.15390625 0.0734375 0.1015625
0 0.82578125 0.35546875 0.084375 0.1015625
0 0.771875 0.353125 0.071875 0.09375
0 0.665625 0.42421875 0.090625 0.1078125
0 0.7828125 0.6703125 0.0859375 0.0984375
0 0.85 0.74453125 0.0953125 0.1015625
0 0.62890625 0.70859375 0.1015625 0.1265625
0 0.69765625 0.85546875 0.0609375 0.08125
0 0.72578125 0.83671875 0.0640625 0.071875
0 0.79140625 0.86953125 0.0578125 0.071875
0 0.88203125 0.40703125 0.0921875 0.103125
0 0.7875 0.4359375 0.0734375 0.0875
0 0.834375 0.44140625 0.0625 0.078125
0 0.70078125 0.4859375 0.078125 0.0890625
0 0.60078125 0.5421875 0.071875 0.0875
0 0.5703125 0.6140625 0.0625 0.078125
0 0.45 0.84609375 0.1 0.1078125
0 0.45703125 0.66484375 0.0921875 0.1109375
0 0.475 0.596875 0.0875 0.0921875
0 0.3921875 0.628125 0.0890625 0.1078125
0 0.48828125 0.32734375 0.071875 0.0828125
0 0.51875 0.246875 0.0828125 0.103125
0 0.1875 0.61328125 0.0890625 0.1078125
0 0.12578125 0.49375 0.071875 0.084375
0 0.27421875 0.571875 0.10625 0.1328125