0 0.065625 0.43828125 0.096875 0.0640625
0 0.15703125 0.56171875 0.084375 0.0609375
0 0.09765625 0.61328125 0.0734375 0.0625
0 0.16796875 0.6015625 0.1046875 0.0734375
0 0.2484375 0.24765625 0.0890625 0.0640625
0 0.265625 0.2984375 0.0921875 0.06875
0 0.3703125 0.37265625 0.0984375 0.078125
0 0.5578125 0.175 0.0890625 0.0734375
0 0.60234375 0.0859375 0.1046875 0.1
0 0.6484375 0.3046875 0.11875 0.0859375
0 0.7609375 0.18828125 0.0828125 0.0609375
0 0.73359375 0.16796875 0.075 0.0671875
0 0.740625 0.0953125 0.071875 0.05625
0 0.2765625 0.1765625 0.0984375 0.08125
0 0.33671875 0.2546875 0.0796875 0.0625
0 0.32578125 0.20859375 0.0734375 0.053125
0 0.41484375 0.31796875 0.0890625 0.078125
0 0.50390625 0.390625 0.0890625 0.075
0 0.58125 0.39296875 0.0828125 0.065625
0 0.84140625 0.42265625 0.09375 0.0828125
0 0.66953125 0.48125 0.10625 0.084375
0 0.59921875 0.48828125 0.09375 0.0890625
0 0.65859375 0.5546875 0.0953125 0.06875
0 0.34296875 0.57265625 0.0765625 0.0640625
0 0.25703125 0.57265625 0.0953125 0.0703125
0 0.7171875 0.75078125 0.1078125 0.0859375
0 0.628125 0.8515625 0.0828125 0.06875
0 0.6484375 0.68515625 0.13125 0.103125