0 0.18984375 0.15859375 0.1859375 0.16875
0 0.08828125 0.2390625 0.1765625 0.175
0 0.4515625 0.1875 0.2265625 0.2171875
0 0.559375 0.26015625 0.18125 0.1953125
0 0.8921875 0.21328125 0.1890625 0.1859375
0 0.740625 0.26015625 0.2 0.190625
0 0.88828125 0.34921875 0.1921875 0.134375
0 0.66640625 0.375 0.2015625 0.1875
0 0.47109375 0.38984375 0.1671875 0.1640625
0 0.290625 0.4171875 0.1859375 0.184375
0 0.13671875 0.39765625 0.2296875 0.1984375
0 0.92421875 0.4625 0.1515625 0.15
0 0.79375 0.45 0.221875 0.1859375
0 0.59609375 0.51015625 0.2328125 0.21875
0 0.73125 0.6046875 0.221875 0.2140625
0 0.9125 0.61328125 0.175 0.2078125
0 0.40234375 0.53125 0.215625 0.1921875
0 0.253125 0.54765625 0.178125 0.1546875
0 0.0765625 0.53984375 0.153125 0.1609375
0 0.12421875 0.67734375 0.1828125 0.15625
0 0.30390625 0.67578125 0.175 0.1515625
0 0.50859375 0.64765625 0.159375 0.1375
0 0.940625 0.77890625 0.11875 0.1390625
0 0.93515625 0.89453125 0.1296875 0.1609375
0 0.78984375 0.90234375 0.1984375 0.16875
0 0.61171875 0.91796875 0.1953125 0.1625
0 0.45546875 0.92734375 0.1765625 0.1453125
0 0.271875 0.82265625 0.178125 0.1734375
0 0.1078125 0.84609375 0.18125 0.1875
0 0.446875 0.78984375 0.19375 0.196875
0 0.64140625 0.7625 0.21875 0.203125
0 0.81328125 0.75078125 0.153125 0.175
0 0.3140625 0.284375 0.1984375 0.15625
0 0.26484375 0.94140625 0.2109375 0.1171875