0 0.71484375 0.1015625 0.2140625 0.203125
0 0.5984375 0.0640625 0.215625 0.128125
0 0.7765625 0.34765625 0.265625 0.2703125
0 0.7453125 0.4734375 0.234375 0.225
0 0.89296875 0.76953125 0.2140625 0.2359375
0 0.8078125 0.64453125 0.2484375 0.253125
0 0.77421875 0.81328125 0.1671875 0.2046875
0 0.675 0.6140625 0.2375 0.2453125
0 0.59375 0.43515625 0.2328125 0.234375
0 0.50625 0.275 0.209375 0.2109375
0 0.47109375 0.1328125 0.2703125 0.265625
0 0.6796875 0.88203125 0.2140625 0.209375
0 0.64765625 0.759375 0.2046875 0.2328125
0 0.5234375 0.59375 0.2890625 0.2953125
0 0.48125 0.753125 0.2671875 0.271875
0 0.5375 0.9078125 0.246875 0.184375
0 0.4375 0.41953125 0.221875 0.2375
0 0.37109375 0.284375 0.2078125 0.21875
0 0.3171875 0.11484375 0.2015625 0.1984375
0 0.2046875 0.20703125 0.2125 0.2265625
0 0.26796875 0.37578125 0.1796875 0.196875
0 0.36484375 0.55859375 0.1953125 0.2046875
0 0.3921875 0.96796875 0.16875 0.0640625
0 0.21640625 0.90078125 0.2046875 0.1984375
0 0.1484375 0.74609375 0.2234375 0.2421875
0 0.0890625 0.60625 0.178125 0.2125
0 0.11875 0.39609375 0.19375 0.196875
0 0.07734375 0.24921875 0.1546875 0.2265625
0 0.209375 0.54921875 0.25 0.2484375
0 0.3015625 0.72265625 0.25 0.259375
0 0.371875 0.88046875 0.2390625 0.23125
0 0.6390625 0.2515625 0.2203125 0.240625
0 0.04140625 0.4359375 0.0828125 0.228125