0 0.71796875 0.9015625 0.3109375 0.196875
0 0.8375 0.42109375 0.325 0.4828125
0 0.625 0.2859375 0.4796875 0.490625
0 0.346875 0.2328125 0.534375 0.465625
0 0.16640625 0.159375 0.2390625 0.31875
0 0.08046875 0.57890625 0.1609375 0.2390625
0 0.1890625 0.76640625 0.3203125 0.3265625
0 0.0375 0.7 0.075 0.246875
0 0.3890625 0.75 0.34375 0.3265625
0 0.596875 0.621875 0.48125 0.5046875
0 0.7828125 0.69140625 0.284375 0.303125
0 0.921875 0.5859375 0.15625 0.384375
0 0.540625 0.88671875 0.3125 0.2265625
0 0.38203125 0.9265625 0.1296875 0.146875
0 0.36015625 0.4515625 0.340625 0.35
0 0.190625 0.4609375 0.38125 0.428125