0 0.91640625 0.62421875 0.1671875 0.3765625
0 0.68046875 0.203125 0.4984375 0.40625
0 0.40859375 0.26953125 0.5 0.5078125
0 0.22578125 0.43125 0.4515625 0.5875
0 0.05703125 0.5265625 0.1140625 0.39375
0 0.27109375 0.90546875 0.2390625 0.1890625
0 0.51640625 0.8609375 0.3640625 0.278125
0 0.32421875 0.9578125 0.2515625 0.084375
0 0.628125 0.74140625 0.384375 0.3734375
0 0.65546875 0.4984375 0.4546875 0.4765625
0 0.825 0.3953125 0.2984375 0.3140625
0 0.8453125 0.1921875 0.265625 0.378125
0 0.86484375 0.7390625 0.2703125 0.290625
0 0.76328125 0.85546875 0.1421875 0.1546875
0 0.37578125 0.58046875 0.3671875 0.3734375
0 0.25625 0.746875 0.434375 0.4140625