0 0.63984375 0.7765625 0.3578125 0.415625
0 0.81953125 0.87578125 0.2734375 0.2484375
0 0.646875 0.95703125 0.1875 0.0859375
0 0.47734375 0.86171875 0.3015625 0.2765625
0 0.3359375 0.6734375 0.3796875 0.4953125
0 0.21953125 0.82421875 0.309375 0.30625
0 0.09375 0.775 0.1875 0.334375
0 0.10546875 0.4734375 0.2109375 0.440625
0 0.1859375 0.60703125 0.1984375 0.253125
0 0.4875 0.5625 0.2734375 0.346875
0 0.88671875 0.61640625 0.2265625 0.4421875
0 0.93515625 0.259375 0.1296875 0.38125
0 0.8234375 0.2 0.3421875 0.34375
0 0.75546875 0.48359375 0.30625 0.3671875
0 0.5640625 0.27109375 0.440625 0.5421875
0 0.4328125 0.14765625 0.146875 0.2375
0 0.30703125 0.06328125 0.2609375 0.1265625
0 0.27109375 0.27734375 0.3375 0.4765625
0 0.1578125 0.1453125 0.190625 0.290625