0 0.109375 0.95703125 0.05625 0.0609375
0 0.1640625 0.96328125 0.065625 0.05
0 0.11875 0.896875 0.059375 0.0703125
0 0.0953125 0.83203125 0.04375 0.065625
0 0.09375 0.76640625 0.04375 0.0640625
0 0.0828125 0.715625 0.053125 0.0671875
0 0.1765625 0.83984375 0.0328125 0.0578125
0 0.20625 0.83671875 0.0390625 0.04375
0 0.1765625 0.89609375 0.040625 0.0515625
0 0.146875 0.81875 0.046875 0.0671875
0 0.1625 0.753125 0.0390625 0.071875
0 0.20390625 0.73671875 0.034375 0.05625
0 0.12109375 0.6859375 0.0484375 0.0625
0 0.10859375 0.63828125 0.0390625 0.04375
0 0.159375 0.659375 0.0484375 0.0578125
0 0.1359375 0.5921875 0.0546875 0.0859375
0 0.09375 0.56640625 0.0484375 0.0609375
0 0.12578125 0.5140625 0.053125 0.0765625
0 0.0890625 0.5 0.0390625 0.0546875
0 0.07734375 0.4609375 0.05 0.0625
0 0.0578125 0.4234375 0.0421875 0.05
0 0.1015625 0.4234375 0.0421875 0.059375
0 0.059375 0.34375 0.0515625 0.065625
0 0.09296875 0.24296875 0.0609375 0.0765625
0 0.04296875 0.2234375 0.05625 0.065625
0 0.0421875 0.175 0.0421875 0.0390625
0 0.05 0.125 0.053125 0.05625
0 0.08125 0.0875 0.0421875 0.0671875
0 0.0703125 0.03125 0.03125 0.0546875
0 0.103125 0.0390625 0.034375 0.065625
0 0.1421875 0.03828125 0.04375 0.0765625
0 0.1484375 0.17421875 0.0453125 0.0671875
0 0.12734375 0.3265625 0.0484375 0.0921875
0 0.16484375 0.30625 0.053125 0.0703125
0 0.17265625 0.36875 0.0546875 0.0703125
0 0.16640625 0.43828125 0.0421875 0.0578125
0 0.20703125 0.44453125 0.0390625 0.0671875
0 0.20546875 0.5265625 0.0421875 0.0546875
0 0.1890625 0.61875 0.0515625 0.0734375
0 0.2125 0.65546875 0.053125 0.06875
0 0.28125 0.61796875 0.04375 0.0578125
0 0.23046875 0.565625 0.0421875 0.05625
0 0.2859375 0.54140625 0.0328125 0.040625
0 0.26328125 0.4921875 0.0453125 0.053125
0 0.23359375 0.4671875 0.0390625 0.0578125
0 0.265625 0.43828125 0.0421875 0.0515625
0 0.2484375 0.38125 0.0453125 0.0578125
0 0.23203125 0.31875 0.071875 0.0921875
0 0.2359375 0.253125 0.0609375 0.0671875
0 0.18828125 0.23359375 0.0453125 0.0765625
0 0.18125 0.10234375 0.0484375 0.06875
0 0.21328125 0.146875 0.046875 0.071875
0 0.25 0.17890625 0.046875 0.0734375
0 0.20546875 0.01328125 0.0453125 0.0265625
0 0.30703125 0.08828125 0.0578125 0.109375
0 0.34609375 0.05703125 0.0453125 0.0734375
0 0.30859375 0.20859375 0.059375 0.1109375
0 0.31953125 0.3296875 0.059375 0.0671875
0 0.3234375 0.54765625 0.0203125 0.0296875
0 0.359375 0.571875 0.0265625 0.04375
0 0.35546875 0.52265625 0.028125 0.0328125
0 0.31328125 0.47421875 0.01875 0.028125
0 0.34765625 0.38203125 0.0265625 0.0359375
0 0.4046875 0.31171875 0.0453125 0.0671875
0 0.3703125 0.17421875 0.0640625 0.1171875
0 0.39921875 0.09140625 0.0609375 0.09375
0 0.365625 0.01796875 0.05625 0.0359375
0 0.44296875 0.06796875 0.0484375 0.0734375
0 0.4578125 0.13828125 0.0765625 0.08125
0 0.453125 0.34296875 0.071875 0.096875
0 0.45 0.4046875 0.0421875 0.046875
0 0.30703125 0.56796875 0.034375 0.0484375
0 0.38828125 0.41484375 0.0515625 0.0671875
0 0.38984375 0.36484375 0.0453125 0.0515625
0 0.38984375 0.60625 0.0421875 0.0484375
0 0.3890625 0.6484375 0.0375 0.046875
0 0.434375 0.64296875 0.0609375 0.0765625
0 0.48203125 0.66171875 0.0390625 0.0515625
0 0.48671875 0.5578125 0.0265625 0.0421875
0 0.42578125 0.5671875 0.034375 0.0515625
0 0.3890625 0.5546875 0.0390625 0.0609375
0 0.546875 0.34375 0.075 0.0859375
0 0.5 0.24296875 0.065625 0.121875
0 0.5484375 0.21484375 0.046875 0.084375
0 0.5046875 0.08828125 0.065625 0.109375
0 0.5546875 0.0625 0.0578125 0.084375
0 0.6171875 0.028125 0.05 0.05
0 0.6171875 0.08359375 0.0546875 0.071875
0 0.6359375 0.196875 0.059375 0.0875
0 0.63359375 0.2421875 0.0453125 0.05625
0 0.60234375 0.31171875 0.05625 0.0828125
0 0.57265625 0.41875 0.059375 0.08125
0 0.7609375 0.046875 0.096875 0.0796875
0 0.76015625 0.1296875 0.084375 0.1234375
0 0.84921875 0.14375 0.1015625 0.15
0 0.93515625 0.06875 0.0953125 0.1109375
0 0.90234375 0.203125 0.0921875 0.15
0 0.76015625 0.28046875 0.0734375 0.1
0 0.7203125 0.3359375 0.0359375 0.0484375
0 0.740625 0.3875 0.04375 0.0578125
0 0.74453125 0.5578125 0.0515625 0.0671875
0 0.78984375 0.48203125 0.0421875 0.071875
0 0.85 0.38828125 0.0734375 0.1171875
0 0.79296875 0.3734375 0.0453125 0.0671875
0 0.846875 0.50078125 0.0546875 0.084375
0 0.8 0.56875 0.04375 0.0578125
0 0.7734375 0.590625 0.0359375 0.0515625
0 0.79453125 0.66640625 0.046875 0.06875
0 0.828125 0.653125 0.0546875 0.078125
0 0.8640625 0.6875 0.0453125 0.05625
0 0.90859375 0.61953125 0.0484375 0.0875
0 0.88359375 0.54140625 0.05625 0.0765625
0 0.94375 0.42265625 0.071875 0.09375
0 0.98359375 0.37109375 0.0328125 0.0578125
0 0.975 0.325 0.05 0.065625
0 0.984375 0.2140625 0.03125 0.06875
0 0.82890625 0.80078125 0.0578125 0.078125
0 0.8640625 0.8171875 0.0453125 0.059375
0 0.88203125 0.90078125 0.0515625 0.065625
0 0.87265625 0.94296875 0.0265625 0.0421875
0 0.8375 0.93671875 0.0390625 0.0546875
0 0.7859375 0.95390625 0.0484375 0.065625
0 0.76875 0.89453125 0.0546875 0.065625
0 0.76796875 0.80078125 0.040625 0.0546875
0 0.7578125 0.6703125 0.05 0.071875
0 0.74453125 0.4828125 0.0390625 0.0640625