0 0.41953125 0.2203125 0.1328125 0.125
0 0.49453125 0.08984375 0.128125 0.121875
0 0.290625 0.2578125 0.1234375 0.115625
0 0.3359375 0.52734375 0.134375 0.1296875
0 0.38984375 0.56796875 0.165625 0.1578125
0 0.1109375 0.52109375 0.05 0.0484375
0 0.15546875 0.72109375 0.0578125 0.0515625
0 0.2 0.74453125 0.1109375 0.1046875
0 0.27578125 0.72265625 0.075 0.0828125
0 0.328125 0.7953125 0.1015625 0.1015625
0 0.38671875 0.85546875 0.0796875 0.075
0 0.3578125 0.91015625 0.08125 0.0734375
0 0.65859375 0.8171875 0.1 0.0984375
0 0.5671875 0.4640625 0.1 0.103125
0 0.553125 0.32578125 0.0671875 0.06875
0 0.7 0.38203125 0.0578125 0.0609375
0 0.7703125 0.3078125 0.096875 0.09375
0 0.86015625 0.39296875 0.11875 0.11875
0 0.746875 0.46953125 0.084375 0.0796875
0 0.76953125 0.79609375 0.0765625 0.08125