0 0.5 0.79140625 0.10625 0.0890625
0 0.6078125 0.89609375 0.1109375 0.1015625
0 0.36484375 0.790625 0.109375 0.0984375
0 0.334375 0.51875 0.109375 0.0984375
0 0.375 0.46484375 0.140625 0.1234375
0 0.1203125 0.5875 0.0421875 0.0390625
0 0.10859375 0.3828125 0.053125 0.046875
0 0.14375 0.34765625 0.0984375 0.090625
0 0.2234375 0.34765625 0.065625 0.0765625
0 0.25390625 0.26328125 0.0765625 0.0734375
0 0.29296875 0.18984375 0.0734375 0.0671875
0 0.25 0.1453125 0.0671875 0.0515625
0 0.56484375 0.1515625 0.0796875 0.071875
0 0.57421875 0.51640625 0.0703125 0.08125
0 0.59921875 0.653125 0.059375 0.0640625
0 0.725 0.55859375 0.059375 0.059375
0 0.81328125 0.61015625 0.0828125 0.078125
0 0.87578125 0.50390625 0.096875 0.096875
0 0.7453125 0.46171875 0.0671875 0.0609375
0 0.67734375 0.140625 0.0625 0.071875