0 0.5203125 0.790625 0.1125 0.1
0 0.63515625 0.8875 0.1 0.090625
0 0.3859375 0.79921875 0.1140625 0.10625
0 0.33671875 0.53046875 0.1078125 0.0984375
0 0.3734375 0.4734375 0.1265625 0.109375
0 0.12734375 0.61328125 0.0453125 0.0421875
0 0.10078125 0.41015625 0.046875 0.0375
0 0.134375 0.37265625 0.0921875 0.0828125
0 0.21328125 0.36796875 0.0578125 0.071875
0 0.2375 0.28125 0.08125 0.08125
0 0.271875 0.2046875 0.06875 0.0609375
0 0.22578125 0.16328125 0.0640625 0.046875
0 0.540625 0.14765625 0.0765625 0.0703125
0 0.575 0.5109375 0.065625 0.075
0 0.609375 0.64609375 0.0515625 0.05625
0 0.72890625 0.5421875 0.046875 0.0484375
0 0.8203125 0.58828125 0.08125 0.078125
0 0.875 0.47734375 0.0828125 0.0828125
0 0.7421875 0.44453125 0.06875 0.0625
0 0.6515625 0.1296875 0.0515625 0.065625