0 0.5 0.4921875 0.4375 0.3390625
0 0.3140625 0.6421875 0.425 0.3859375
0 0.290625 0.83671875 0.2734375 0.246875
0 0.61796875 0.2484375 0.334375 0.3
0 0.43203125 0.1 0.3296875 0.2
0 0.31484375 0.16015625 0.378125 0.2796875
0 0.24609375 0.31640625 0.4640625 0.3640625
0 0.1171875 0.465625 0.234375 0.275
0 0.12265625 0.6953125 0.2453125 0.315625
0 0.5421875 0.8515625 0.38125 0.296875
0 0.56796875 0.678125 0.2609375 0.2453125
0 0.7734375 0.45234375 0.3765625 0.309375
0 0.84375 0.17421875 0.3125 0.2484375
0 0.62421875 0.10546875 0.2859375 0.2109375
0 0.8359375 0.321875 0.196875 0.1640625
0 0.95390625 0.353125 0.0921875 0.1625
0 0.82734375 0.65234375 0.321875 0.2921875
0 0.7625 0.8984375 0.24375 0.203125
0 0.6859375 0.9640625 0.253125 0.071875
0 0.44453125 0.9375 0.3546875 0.125