0 0.47265625 0.13125 0.3421875 0.2625
0 0.2546875 0.1515625 0.334375 0.271875
0 0.07421875 0.24921875 0.1484375 0.2234375
0 0.0671875 0.334375 0.134375 0.253125
0 0.228125 0.29765625 0.271875 0.246875
0 0.45390625 0.2546875 0.2515625 0.2015625
0 0.31015625 0.390625 0.2234375 0.1859375
0 0.0984375 0.43125 0.196875 0.246875
0 0.08515625 0.56015625 0.1703125 0.1671875
0 0.26796875 0.4890625 0.1734375 0.165625
0 0.4265625 0.42890625 0.175 0.15
0 0.5453125 0.52421875 0.10625 0.0875
0 0.40703125 0.53125 0.14375 0.1203125
0 0.1640625 0.59765625 0.1453125 0.109375
0 0.18046875 0.6296875 0.1140625 0.08125
0 0.25703125 0.62890625 0.0859375 0.075
0 0.2984375 0.5515625 0.134375 0.1125
0 0.21875 0.70859375 0.090625 0.0671875
0 0.8765625 0.37109375 0.15 0.1328125
0 0.67734375 0.51171875 0.0984375 0.0875
0 0.765625 0.43828125 0.1484375 0.1296875