0 0.67265625 0.14765625 0.2734375 0.19375
0 0.4609375 0.071875 0.3 0.14375
0 0.18671875 0.04140625 0.2953125 0.0828125
0 0.14140625 0.10390625 0.2390625 0.16875
0 0.365625 0.1890625 0.2484375 0.2015625
0 0.5828125 0.26484375 0.240625 0.153125
0 0.390625 0.3109375 0.19375 0.1109375
0 0.14453125 0.21484375 0.2515625 0.14375
0 0.09765625 0.3375 0.178125 0.1078125
0 0.3046875 0.37421875 0.140625 0.125
0 0.471875 0.4015625 0.1546875 0.10625
0 0.52734375 0.54375 0.0984375 0.06875
0 0.403125 0.48046875 0.128125 0.0859375
0 0.16015625 0.41640625 0.140625 0.0734375
0 0.15859375 0.45234375 0.1140625 0.05625
0 0.225 0.48984375 0.0765625 0.053125
0 0.29921875 0.44375 0.1171875 0.0671875
0 0.1515625 0.53984375 0.0890625 0.046875
0 0.890625 0.5765625 0.13125 0.0921875
0 0.6484375 0.59921875 0.0828125 0.05
0 0.7609375 0.5796875 0.1234375 0.0828125