0 0.80859375 0.7421875 0.28125 0.3296875
0 0.9078125 0.5515625 0.184375 0.325
0 0.96875 0.2921875 0.0625 0.30625
0 0.93203125 0.2296875 0.1359375 0.25625
0 0.83203125 0.43359375 0.2578125 0.2859375
0 0.71328125 0.63046875 0.1734375 0.246875
0 0.7078125 0.43203125 0.1484375 0.2078125
0 0.8515625 0.2125 0.221875 0.2875
0 0.7421875 0.140625 0.1609375 0.2
0 0.66328125 0.33515625 0.134375 0.1484375
0 0.60234375 0.49296875 0.1171875 0.1609375
0 0.4515625 0.51796875 0.0796875 0.10625
0 0.5390625 0.409375 0.1046875 0.1390625
0 0.65234375 0.18515625 0.10625 0.1484375
0 0.6171875 0.17578125 0.075 0.1203125
0 0.56640625 0.2328125 0.0640625 0.0828125
0 0.596875 0.315625 0.0953125 0.1296875
0 0.53359375 0.15078125 0.06875 0.0953125
0 0.34375 0.86640625 0.1109375 0.1390625
0 0.37265625 0.62421875 0.0765625 0.0953125
0 0.36796875 0.73828125 0.0953125 0.1296875