0 0.71875 0.3890625 0.278125 0.2734375
0 0.57109375 0.2328125 0.334375 0.328125
0 0.38359375 0.1296875 0.246875 0.253125
0 0.55625 0.06875 0.290625 0.1375
0 0.6515625 0.11953125 0.284375 0.2390625
0 0.4890625 0.6828125 0.2265625 0.1984375
0 0.56875 0.475 0.2796875 0.2671875
0 0.41484375 0.54375 0.1859375 0.1671875
0 0.34609375 0.41484375 0.3015625 0.2734375
0 0.28984375 0.25703125 0.240625 0.2296875
0 0.06171875 0.34765625 0.1234375 0.2859375
0 0.0703125 0.5734375 0.140625 0.215625
0 0.15625 0.51328125 0.2125 0.19375
0 0.16015625 0.65546875 0.30625 0.2734375
0 0.21640625 0.7984375 0.265625 0.2484375