0 0.2671875 0.575 0.23125 0.221875
0 0.38828125 0.753125 0.3140625 0.3046875
0 0.55703125 0.88359375 0.21875 0.2296875
0 0.365625 0.93046875 0.271875 0.1390625
0 0.28984375 0.85703125 0.26875 0.20625
0 0.5390625 0.32109375 0.225 0.184375
0 0.428125 0.5140625 0.246875 0.221875
0 0.590625 0.4703125 0.1859375 0.1578125
0 0.63828125 0.60859375 0.2921875 0.246875
0 0.66953125 0.7734375 0.228125 0.2140625
0 0.92265625 0.73046875 0.1546875 0.2828125
0 0.9421875 0.49609375 0.115625 0.1984375
0 0.8421875 0.540625 0.2171875 0.1921875
0 0.8578125 0.39921875 0.284375 0.2265625
0 0.82578125 0.25 0.2578125 0.2328125