0 0.51796875 0.35 0.0859375 0.1125
0 0.44453125 0.4296875 0.10625 0.1078125
0 0.4078125 0.484375 0.0578125 0.0640625
0 0.55078125 0.52578125 0.0796875 0.078125
0 0.56015625 0.62578125 0.0578125 0.0796875
0 0.621875 0.8546875 0.0515625 0.0671875
0 0.7140625 0.5203125 0.059375 0.0765625
0 0.8078125 0.334375 0.0671875 0.075
0 0.9421875 0.509375 0.084375 0.0890625
0 0.921875 0.55703125 0.06875 0.0625
0 0.90546875 0.5921875 0.0546875 0.0484375
0 0.8578125 0.6515625 0.0578125 0.065625
0 0.8546875 0.54140625 0.05 0.06875
0 0.59453125 0.34453125 0.0546875 0.0625
0 0.7671875 0.5671875 0.08125 0.0875
0 0.628125 0.4984375 0.0890625 0.103125
0 0.3375 0.41171875 0.05 0.05
0 0.40234375 0.32265625 0.06875 0.0828125
0 0.4078125 0.25703125 0.0359375 0.0390625
0 0.33046875 0.3703125 0.034375 0.0375
0 0.3515625 0.346875 0.053125 0.0578125