0 0.4203125 0.56875 0.146875 0.2953125
0 0.53671875 0.303125 0.165625 0.2796875
0 0.4109375 0.12265625 0.1671875 0.234375
0 0.18828125 0.28984375 0.128125 0.2
0 0.33828125 0.41171875 0.15625 0.203125
0 0.2625 0.48203125 0.0765625 0.1421875
0 0.2265625 0.62265625 0.14375 0.1890625
0 0.14453125 0.54296875 0.1140625 0.121875
0 0.14765625 0.4484375 0.0953125 0.1234375
0 0.0734375 0.41171875 0.1234375 0.16875
0 0.02578125 0.621875 0.0515625 0.128125
0 0.0421875 0.82265625 0.084375 0.1328125
0 0.16484375 0.92734375 0.0921875 0.0921875
0 0.28828125 0.93984375 0.1046875 0.109375
0 0.4203125 0.94296875 0.0921875 0.0984375
0 0.3703125 0.75859375 0.1 0.1171875
0 0.61171875 0.69921875 0.0984375 0.1703125
0 0.440625 0.8484375 0.0859375 0.1078125
0 0.63203125 0.903125 0.1234375 0.1015625
0 0.62109375 0.7953125 0.115625 0.140625
0 0.67421875 0.6859375 0.1109375 0.1234375
0 0.6703125 0.56484375 0.125 0.1484375
0 0.58515625 0.4359375 0.0703125 0.1125
0 0.76328125 0.2796875 0.1625 0.2546875
0 0.64765625 0.22734375 0.171875 0.19375
0 0.9453125 0.353125 0.109375 0.178125
0 0.9203125 0.55234375 0.159375 0.1734375
0 0.81328125 0.7859375 0.15625 0.2203125
0 0.93203125 0.77265625 0.1078125 0.140625