0 0.41640625 0.56484375 0.1734375 0.30625
0 0.546875 0.30546875 0.175 0.2875
0 0.43046875 0.11796875 0.1609375 0.23125
0 0.2 0.2734375 0.1734375 0.221875
0 0.34296875 0.403125 0.153125 0.2046875
0 0.26328125 0.46953125 0.096875 0.15
0 0.22109375 0.6078125 0.15 0.19375
0 0.14296875 0.52421875 0.134375 0.1421875
0 0.15078125 0.43046875 0.096875 0.128125
0 0.078125 0.3890625 0.1265625 0.171875
0 0.02578125 0.596875 0.0515625 0.13125
0 0.034375 0.7984375 0.06875 0.134375
0 0.14296875 0.909375 0.084375 0.084375
0 0.26640625 0.9296875 0.09375 0.1046875
0 0.39765625 0.93828125 0.0890625 0.09375
0 0.35703125 0.7515625 0.0953125 0.1171875
0 0.6015625 0.7046875 0.1265625 0.184375
0 0.42265625 0.84453125 0.09375 0.1125
0 0.6109375 0.909375 0.1359375 0.11875
0 0.60546875 0.80078125 0.1328125 0.1546875
0 0.6640625 0.69453125 0.1234375 0.1328125
0 0.6671875 0.5734375 0.140625 0.1578125
0 0.58828125 0.440625 0.06875 0.1140625
0 0.77421875 0.29375 0.1859375 0.2640625
0 0.66171875 0.2359375 0.184375 0.203125
0 0.95234375 0.37734375 0.0953125 0.1734375
0 0.91875 0.5734375 0.1625 0.1765625
0 0.7984375 0.80234375 0.153125 0.225
0 0.91640625 0.7953125 0.13125 0.15625