0 0.54453125 0.2578125 0.0765625 0.096875
0 0.5921875 0.3421875 0.128125 0.140625
0 0.696875 0.48828125 0.1671875 0.1734375
0 0.32578125 0.22734375 0.0953125 0.109375
0 0.45234375 0.3015625 0.09375 0.0890625
0 0.49296875 0.08671875 0.0515625 0.040625
0 0.48671875 0.53828125 0.084375 0.09375
0 0.54921875 0.55703125 0.096875 0.1078125
0 0.44609375 0.6578125 0.1 0.0875
0 0.4703125 0.7265625 0.090625 0.1203125
0 0.5859375 0.6859375 0.125 0.1546875
0 0.64375 0.83125 0.10625 0.1203125
0 0.5703125 0.96953125 0.084375 0.0609375
0 0.4046875 0.925 0.06875 0.0609375