0 0.74140625 0.45078125 0.1015625 0.0859375
0 0.65625 0.40546875 0.1265625 0.1109375
0 0.5078125 0.303125 0.1734375 0.1703125
0 0.77578125 0.66953125 0.1046875 0.090625
0 0.69921875 0.54375 0.090625 0.0953125
0 0.91328125 0.5 0.040625 0.053125
0 0.46171875 0.51328125 0.1046875 0.096875
0 0.44140625 0.4515625 0.0984375 0.084375
0 0.34375 0.55625 0.09375 0.1046875
0 0.2734375 0.53359375 0.128125 0.0984375
0 0.3125 0.4171875 0.1578125 0.1296875
0 0.16640625 0.36171875 0.1171875 0.1015625
0 0.03203125 0.43828125 0.0640625 0.0890625
0 0.0765625 0.60234375 0.059375 0.0671875