0 0.49375 0.253125 0.075 0.0953125
0 0.43359375 0.3296875 0.1328125 0.1453125
0 0.30703125 0.4578125 0.159375 0.1640625
0 0.71484375 0.2578125 0.1 0.1125
0 0.578125 0.31171875 0.0953125 0.0921875
0 0.571875 0.09296875 0.0578125 0.0484375
0 0.50703125 0.53984375 0.1015625 0.109375
0 0.4421875 0.54921875 0.084375 0.0984375
0 0.528125 0.6640625 0.1078125 0.096875
0 0.49375 0.72890625 0.1 0.1265625
0 0.3859375 0.6703125 0.1171875 0.15
0 0.30625 0.8046875 0.1046875 0.1203125
0 0.35703125 0.95390625 0.090625 0.06875
0 0.52734375 0.93515625 0.075 0.0671875