0 0.22734375 0.74609375 0.1125 0.1203125
0 0.1578125 0.74765625 0.09375 0.1015625
0 0.30703125 0.41640625 0.10625 0.1140625
0 0.371875 0.45390625 0.103125 0.0953125
0 0.61484375 0.59921875 0.09375 0.09375
0 0.9484375 0.5859375 0.084375 0.0953125
0 0.86953125 0.56015625 0.078125 0.08125
0 0.88203125 0.18125 0.0890625 0.0921875
0 0.81796875 0.153125 0.0671875 0.071875
0 0.5375 0.265625 0.0984375 0.0953125
0 0.42734375 0.2171875 0.059375 0.0546875
0 0.37734375 0.31953125 0.071875 0.08125
0 0.43984375 0.3390625 0.090625 0.1015625
0 0.4875 0.3828125 0.071875 0.0828125
0 0.50546875 0.36015625 0.0546875 0.059375
0 0.828125 0.85625 0.1453125 0.1515625
0 0.7765625 0.94765625 0.1375 0.1046875
0 0.55078125 0.8921875 0.1234375 0.1265625
0 0.303125 0.82890625 0.0953125 0.0953125
0 0.27578125 0.903125 0.1046875 0.1046875
0 0.190625 0.84140625 0.1109375 0.109375
0 0.084375 0.82578125 0.084375 0.0796875
0 0.34140625 0.76953125 0.103125 0.1
0 0.44140625 0.77578125 0.075 0.0890625
0 0.58984375 0.6828125 0.0984375 0.09375
0 0.64921875 0.74609375 0.109375 0.1109375
0 0.71953125 0.628125 0.1 0.10625
0 0.4296875 0.55234375 0.078125 0.0859375
0 0.3171875 0.53515625 0.0671875 0.06875
0 0.246875 0.48671875 0.0625 0.059375
0 0.553125 0.10390625 0.0734375 0.08125
0 0.471875 0.1703125 0.0640625 0.06875
0 0.5390625 0.15078125 0.046875 0.0453125
0 0.59765625 0.17734375 0.08125 0.0828125