0 0.75 0.76875 0.10625 0.1171875
0 0.81953125 0.7765625 0.0859375 0.096875
0 0.69921875 0.43359375 0.0890625 0.103125
0 0.63203125 0.465625 0.10625 0.0984375
0 0.3765625 0.5890625 0.1 0.1
0 0.0453125 0.546875 0.084375 0.09375
0 0.1265625 0.528125 0.075 0.0796875
0 0.146875 0.1484375 0.0828125 0.0859375
0 0.2140625 0.12734375 0.0640625 0.0703125
0 0.4828125 0.26328125 0.0921875 0.0890625
0 0.596875 0.22421875 0.0546875 0.0453125
0 0.63828125 0.33125 0.075 0.084375
0 0.57421875 0.3453125 0.0875 0.1015625
0 0.52265625 0.384375 0.0765625 0.0890625
0 0.50625 0.36015625 0.053125 0.0578125
0 0.14296875 0.82578125 0.140625 0.1484375
0 0.18359375 0.93515625 0.1359375 0.1296875
0 0.415625 0.88671875 0.1296875 0.1328125
0 0.6671875 0.84453125 0.096875 0.096875
0 0.68828125 0.921875 0.096875 0.0984375
0 0.778125 0.8671875 0.103125 0.1015625
0 0.88515625 0.859375 0.0859375 0.08125
0 0.634375 0.78203125 0.10625 0.1015625
0 0.534375 0.7796875 0.075 0.0890625
0 0.39453125 0.675 0.09375 0.0859375
0 0.33046875 0.73203125 0.1125 0.1125
0 0.2703125 0.60859375 0.096875 0.1046875
0 0.565625 0.55859375 0.0734375 0.0828125
0 0.67890625 0.5515625 0.0671875 0.06875
0 0.75390625 0.509375 0.0625 0.0578125
0 0.48203125 0.10078125 0.0703125 0.0796875
0 0.55703125 0.17421875 0.0671875 0.0734375
0 0.4921875 0.1484375 0.0484375 0.046875
0 0.43046875 0.1703125 0.0671875 0.0703125