0 0.9703125 0.30625 0.059375 0.1625
0 0.9046875 0.221875 0.1703125 0.1765625
0 0.7828125 0.19921875 0.0984375 0.103125
0 0.66875 0.54921875 0.1421875 0.1390625
0 0.86875 0.70703125 0.140625 0.140625
0 0.91171875 0.65078125 0.1125 0.1078125
0 0.97734375 0.57109375 0.0453125 0.0953125
0 0.9546875 0.53359375 0.090625 0.1046875
0 0.85546875 0.4609375 0.134375 0.1359375
0 0.65 0.875 0.165625 0.1734375
0 0.496875 0.86640625 0.1203125 0.128125
0 0.58125 0.9421875 0.128125 0.115625
0 0.46171875 0.97734375 0.1046875 0.0453125
0 0.396875 0.959375 0.096875 0.08125
0 0.36953125 0.88984375 0.121875 0.1234375
0 0.32109375 0.88671875 0.075 0.084375
0 0.33125 0.46640625 0.0640625 0.065625
0 0.63671875 0.1171875 0.10625 0.1203125
0 0.69453125 0.165625 0.146875 0.153125
0 0.7734375 0.584375 0.115625 0.1109375
0 0.7109375 0.6484375 0.15625 0.1515625
0 0.596875 0.653125 0.1328125 0.14375
0 0.53828125 0.63046875 0.075 0.0796875
0 0.76171875 0.86328125 0.1328125 0.125
0 0.71640625 0.971875 0.1359375 0.05625
0 0.8140625 0.8125 0.11875 0.121875
0 0.771875 0.753125 0.1265625 0.1390625
0 0.47890625 0.72734375 0.0828125 0.0875
0 0.31171875 0.63125 0.075 0.0734375
0 0.31484375 0.54375 0.1046875 0.109375
0 0.20625 0.7921875 0.071875 0.0703125
0 0.315625 0.75859375 0.078125 0.071875
0 0.28125 0.77890625 0.0625 0.0640625