0 0.85 0.94375 0.1375 0.1125
0 0.78046875 0.95078125 0.1390625 0.0984375
0 0.6390625 0.94296875 0.15625 0.1140625
0 0.53046875 0.91171875 0.0921875 0.096875
0 0.6625 0.56796875 0.1296875 0.1234375
0 0.91640625 0.57109375 0.128125 0.13125
0 0.91484375 0.64140625 0.090625 0.0828125
0 0.93046875 0.75546875 0.0640625 0.090625
0 0.8765625 0.76171875 0.084375 0.096875
0 0.7515625 0.75390625 0.1375 0.1390625
0 0.85234375 0.303125 0.13125 0.14375
0 0.728125 0.21328125 0.115625 0.125
0 0.846875 0.2015625 0.103125 0.1078125
0 0.90859375 0.11484375 0.0921875 0.08125
0 0.85546875 0.096875 0.084375 0.0703125
0 0.78671875 0.0875 0.1015625 0.0859375
0 0.71328125 0.071875 0.0875 0.084375
0 0.64453125 0.11484375 0.0921875 0.096875
0 0.60390625 0.08671875 0.0765625 0.0859375
0 0.34765625 0.4203125 0.0625 0.0671875
0 0.36484375 0.88359375 0.090625 0.1125
0 0.440625 0.88203125 0.1125 0.125
0 0.765625 0.60625 0.1046875 0.0984375
0 0.75703125 0.51796875 0.1265625 0.1171875
0 0.671875 0.4421875 0.0984375 0.121875
0 0.61171875 0.42265625 0.065625 0.0734375
0 0.93203125 0.3828125 0.1296875 0.11875
0 0.96484375 0.23515625 0.0703125 0.1328125
0 0.940625 0.4546875 0.0953125 0.1
0 0.87109375 0.47421875 0.0984375 0.1234375
0 0.6265625 0.31015625 0.0703125 0.0765625
0 0.4359375 0.27890625 0.0671875 0.0640625
0 0.3828125 0.34921875 0.103125 0.1109375
0 0.45546875 0.08828125 0.0640625 0.0609375
0 0.51953125 0.1828125 0.071875 0.0640625
0 0.50546875 0.1453125 0.0484375 0.0515625