0 0.9859375 0.7703125 0.028125 0.2125
0 0.94921875 0.78828125 0.1015625 0.1578125
0 0.84375 0.85 0.15625 0.1671875
0 0.7203125 0.84921875 0.084375 0.090625
0 0.675 0.48359375 0.1234375 0.115625
0 0.9015625 0.3671875 0.13125 0.1328125
0 0.9328125 0.43046875 0.096875 0.090625
0 0.98359375 0.52265625 0.0328125 0.0921875
0 0.95546875 0.5546875 0.0859375 0.0984375
0 0.84140625 0.60625 0.1296875 0.1328125
0 0.71875 0.1609375 0.1328125 0.1453125
0 0.5671875 0.13984375 0.115625 0.1265625
0 0.66640625 0.0734375 0.1046875 0.1109375
0 0.62421875 0.009375 0.0921875 0.01875
0 0.56015625 0.0203125 0.0984375 0.040625
0 0.48671875 0.03125 0.0859375 0.0625
0 0.446875 0.0921875 0.1 0.1046875
0 0.3984375 0.08671875 0.0703125 0.0828125
0 0.328125 0.50078125 0.059375 0.0625
0 0.5609375 0.9015625 0.084375 0.109375
0 0.62734375 0.865625 0.128125 0.1390625
0 0.784375 0.46875 0.0921875 0.084375
0 0.73515625 0.39453125 0.1453125 0.1390625
0 0.625 0.36796875 0.109375 0.128125
0 0.5625 0.37890625 0.071875 0.078125
0 0.8265625 0.19375 0.1296875 0.11875
0 0.81015625 0.05 0.1171875 0.1
0 0.86796875 0.253125 0.1 0.1046875
0 0.815625 0.303125 0.1109375 0.13125
0 0.52265625 0.2734375 0.075 0.08125
0 0.33984375 0.33515625 0.0671875 0.0640625
0 0.3265625 0.421875 0.0984375 0.10625
0 0.2671875 0.15703125 0.065625 0.0625
0 0.36796875 0.2109375 0.078125 0.071875
0 0.33828125 0.184375 0.05625 0.059375