0 0.603125 0.77109375 0.15 0.15
0 0.496875 0.81953125 0.1234375 0.1203125
0 0.75625 0.83515625 0.1140625 0.0984375
0 0.83984375 0.4703125 0.13125 0.1125
0 0.63359375 0.603125 0.10625 0.096875
0 0.57890625 0.490625 0.1125 0.115625
0 0.37109375 0.51171875 0.1296875 0.115625
0 0.35234375 0.5734375 0.1171875 0.109375
0 0.18984375 0.46640625 0.071875 0.0859375
0 0.17890625 0.37890625 0.0921875 0.0890625
0 0.190625 0.30234375 0.078125 0.078125
0 0.13046875 0.271875 0.09375 0.0796875
0 0.12421875 0.4984375 0.1203125 0.11875
0 0.4109375 0.171875 0.1046875 0.0953125
0 0.83515625 0.35859375 0.1265625 0.1140625
0 0.71171875 0.37734375 0.1078125 0.103125