0 0.6078125 0.20078125 0.14375 0.13125
0 0.4890625 0.203125 0.1125 0.1234375
0 0.6515625 0.475 0.1234375 0.103125
0 0.61953125 0.5359375 0.125 0.121875
0 0.78203125 0.63671875 0.0484375 0.0734375
0 0.8671875 0.6328125 0.0703125 0.0875
0 0.75546875 0.7328125 0.1140625 0.1046875
0 0.715625 0.7890625 0.0734375 0.0765625
0 0.7671875 0.82421875 0.078125 0.0734375
0 0.4359375 0.84296875 0.08125 0.0828125
0 0.41484375 0.5 0.1 0.0921875
0 0.12890625 0.5 0.1140625 0.103125
0 0.1671875 0.40625 0.0828125 0.075
0 0.26484375 0.4390625 0.1 0.0703125
0 0.19453125 0.33046875 0.0640625 0.0515625
0 0.37890625 0.10859375 0.10625 0.1328125
0 0.2453125 0.53515625 0.0828125 0.0828125