0 0.2859375 0.59453125 0.428125 0.471875
0 0.1359375 0.67578125 0.271875 0.3828125
0 0.3671875 0.81875 0.465625 0.3625
0 0.68359375 0.7859375 0.3796875 0.3984375
0 0.86953125 0.709375 0.2609375 0.340625
0 0.9359375 0.58515625 0.128125 0.3734375
0 0.84140625 0.59765625 0.3171875 0.3953125
0 0.575 0.5 0.4578125 0.471875
0 0.796875 0.34296875 0.375 0.4140625
0 0.89609375 0.31484375 0.2078125 0.3078125
0 0.58671875 0.2359375 0.3640625 0.4078125
0 0.3796875 0.33125 0.3421875 0.365625
0 0.11875 0.31875 0.2375 0.315625
0 0.26640625 0.92890625 0.2203125 0.1421875
0 0.5015625 0.659375 0.3046875 0.33125
0 0.05703125 0.3421875 0.1140625 0.284375
0 0.23671875 0.234375 0.3546875 0.365625
0 0.3890625 0.1296875 0.275 0.259375
0 0.60546875 0.034375 0.2359375 0.06875
0 0.69609375 0.13046875 0.2953125 0.2609375