0 0.71953125 0.41953125 0.3734375 0.4484375
0 0.88671875 0.36015625 0.2265625 0.3796875
0 0.825 0.6796875 0.35 0.44375
0 0.5671875 0.81953125 0.35625 0.3609375
0 0.3375 0.90078125 0.35625 0.1984375
0 0.18203125 0.87109375 0.2484375 0.2578125
0 0.30234375 0.81484375 0.3578125 0.3703125
0 0.44609375 0.5515625 0.3609375 0.3921875
0 0.17734375 0.59375 0.3140625 0.3875
0 0.0828125 0.65234375 0.165625 0.3109375
0 0.25390625 0.3703125 0.2765625 0.365625
0 0.46953125 0.29453125 0.3421875 0.3765625
0 0.66796875 0.11640625 0.2421875 0.2328125
0 0.9640625 0.69453125 0.071875 0.2703125
0 0.95078125 0.8234375 0.0984375 0.15625
0 0.609375 0.61640625 0.2625 0.309375
0 0.76484375 0.07421875 0.2265625 0.1484375
0 0.50234375 0.1375 0.2671875 0.275
0 0.3140625 0.14921875 0.2578125 0.271875
0 0.0734375 0.1796875 0.146875 0.184375
0 0.1078125 0.35078125 0.215625 0.3078125