0 0.890625 0.5265625 0.21875 0.2
0 0.93984375 0.36875 0.1203125 0.221875
0 0.82265625 0.2640625 0.2265625 0.209375
0 0.73828125 0.3796875 0.2109375 0.178125
0 0.69765625 0.4859375 0.175 0.1546875
0 0.715625 0.7109375 0.1 0.10625
0 0.60234375 0.159375 0.1796875 0.159375
0 0.55234375 0.24375 0.196875 0.1625
0 0.4953125 0.3 0.13125 0.128125
0 0.528125 0.3953125 0.134375 0.1265625
0 0.33359375 0.23125 0.2078125 0.16875
0 0.3859375 0.16171875 0.2078125 0.1921875
0 0.2375 0.07578125 0.221875 0.1515625
0 0.19609375 0.12890625 0.1484375 0.1296875
0 0.16015625 0.21015625 0.19375 0.1796875
0 0.13984375 0.29140625 0.1328125 0.1265625
0 0.20390625 0.3484375 0.1515625 0.15
0 0.353125 0.31484375 0.178125 0.1609375
0 0.290625 0.52890625 0.1 0.0859375
0 0.28359375 0.46953125 0.1078125 0.090625
0 0.27265625 0.5671875 0.10625 0.1
0 0.44765625 0.49921875 0.1265625 0.1078125
0 0.4046875 0.57734375 0.13125 0.1125
0 0.5734375 0.54140625 0.109375 0.109375
0 0.64765625 0.6109375 0.125 0.1078125
0 0.62734375 0.665625 0.1296875 0.10625
0 0.59453125 0.715625 0.1140625 0.1046875
0 0.7828125 0.646875 0.096875 0.0828125