0 0.4640625 0.6546875 0.1328125 0.15625
0 0.171875 0.653125 0.1703125 0.1921875
0 0.64765625 0.9578125 0.1359375 0.084375
0 0.85078125 0.80859375 0.0921875 0.1109375
0 0.96328125 0.43828125 0.0734375 0.1359375
0 0.60859375 0.459375 0.1921875 0.221875
0 0.7609375 0.38125 0.15625 0.1734375
0 0.86796875 0.36875 0.0890625 0.10625
0 0.925 0.4015625 0.0953125 0.1
0 0.3828125 0.06640625 0.14375 0.1328125
0 0.29921875 0.06171875 0.1671875 0.1234375
0 0.36015625 0.28125 0.159375 0.184375
0 0.41328125 0.39296875 0.11875 0.134375
0 0.45 0.4734375 0.1390625 0.1625
0 0.51328125 0.4140625 0.128125 0.1546875
0 0.115625 0.2140625 0.1015625 0.109375
0 0.14921875 0.1125 0.1046875 0.14375
0 0.19296875 0.13515625 0.0953125 0.1078125
0 0.2734375 0.14296875 0.0765625 0.1
0 0.2125 0.3734375 0.1 0.134375