0 0.89140625 0.77421875 0.2171875 0.3828125
0 0.66015625 0.84140625 0.3 0.315625
0 0.85078125 0.3265625 0.26875 0.3671875
0 0.68203125 0.1296875 0.2359375 0.259375
0 0.11796875 0.40625 0.2359375 0.5875
0 0.1859375 0.7734375 0.3421875 0.409375
0 0.3984375 0.83046875 0.346875 0.3390625
0 0.340625 0.321875 0.3578125 0.559375
0 0.46640625 0.13984375 0.2234375 0.2796875
0 0.56875 0.3546875 0.2578125 0.4640625
0 0.8859375 0.12109375 0.2 0.2421875
0 0.734375 0.58359375 0.2109375 0.2609375
0 0.5484375 0.6234375 0.2421875 0.2953125