0 0.41796875 0.39765625 0.2578125 0.2515625
0 0.19296875 0.35703125 0.3 0.28125
0 0.31875 0.14375 0.25625 0.2484375
0 0.48125 0.11796875 0.1953125 0.19375
0 0.746875 0.28828125 0.21875 0.2109375
0 0.8296875 0.515625 0.23125 0.2234375
0 0.66953125 0.44296875 0.2296875 0.2
0 0.80546875 0.1765625 0.2171875 0.2046875
0 0.88359375 0.26953125 0.134375 0.1375
0 0.953125 0.3328125 0.09375 0.1625
0 0.5484375 0.78515625 0.175 0.1578125
0 0.35859375 0.8203125 0.1734375 0.1609375
0 0.58046875 0.93671875 0.1578125 0.1265625