0 0.08359375 0.853125 0.1671875 0.190625
0 0.29453125 0.8859375 0.2890625 0.2125
0 0.578125 0.90625 0.296875 0.1875
0 0.43203125 0.76796875 0.2828125 0.1578125
0 0.646875 0.72734375 0.2359375 0.1625
0 0.20546875 0.68984375 0.2890625 0.196875
0 0.1640625 0.44296875 0.1453125 0.13125
0 0.2421875 0.33828125 0.25 0.190625
0 0.2171875 0.23125 0.2609375 0.2234375
0 0.18984375 0.0484375 0.2359375 0.096875
0 0.525 0.11640625 0.425 0.2328125
0 0.821875 0.259375 0.2265625 0.2046875
0 0.62421875 0.23828125 0.18125 0.21875
0 0.45546875 0.16015625 0.23125 0.171875
0 0.4515625 0.30078125 0.1859375 0.153125
0 0.5390625 0.48984375 0.1875 0.140625
0 0.88515625 0.10625 0.2296875 0.134375
0 0.69296875 0.053125 0.1875 0.084375
0 0.0609375 0.496875 0.121875 0.1
0 0.1328125 0.58125 0.1796875 0.1765625
0 0.42265625 0.63828125 0.18125 0.1953125
0 0.53203125 0.65234375 0.153125 0.190625
0 0.396875 0.51484375 0.134375 0.1109375
0 0.3046875 0.44765625 0.234375 0.1703125