0 0.42421875 0.3765625 0.1890625 0.1875
0 0.65859375 0.2265625 0.190625 0.1875
0 0.67109375 0.4328125 0.1390625 0.134375
0 0.7265625 0.46484375 0.1109375 0.1125
0 0.5265625 0.5203125 0.178125 0.1515625
0 0.10625 0.5640625 0.140625 0.140625
0 0.04921875 0.34375 0.0984375 0.13125
0 0.071875 0.290625 0.1015625 0.10625
0 0.05078125 0.2359375 0.1015625 0.1125
0 0.37109375 0.60546875 0.1296875 0.1390625
0 0.421875 0.68671875 0.128125 0.134375
0 0.57890625 0.76875 0.1375 0.14375
0 0.709375 0.659375 0.1203125 0.115625
0 0.58828125 0.9078125 0.1375 0.128125
0 0.53984375 0.8625 0.090625 0.0890625
0 0.78671875 0.83984375 0.1390625 0.1296875
0 0.82265625 0.73046875 0.0703125 0.0765625
0 0.771875 0.72109375 0.125 0.1203125
0 0.3484375 0.95625 0.1 0.0875