0 0.97109375 0.771875 0.0578125 0.115625
0 0.85859375 0.7390625 0.134375 0.1234375
0 0.7421875 0.78359375 0.121875 0.103125
0 0.81875 0.82109375 0.1203125 0.10625
0 0.8984375 0.85859375 0.13125 0.1265625
0 0.72109375 0.8578125 0.1078125 0.1015625
0 0.7671875 0.909375 0.128125 0.096875
0 0.63828125 0.94296875 0.11875 0.096875
0 0.534375 0.86484375 0.1125 0.1078125
0 0.665625 0.83046875 0.103125 0.09375
0 0.86484375 0.2046875 0.0859375 0.071875
0 0.90703125 0.24765625 0.1015625 0.1015625
0 0.8953125 0.15546875 0.0671875 0.0640625
0 0.85078125 0.1328125 0.0671875 0.0703125
0 0.77890625 0.1921875 0.09375 0.075
0 0.859375 0.29921875 0.09375 0.090625
0 0.834375 0.36015625 0.08125 0.0828125
0 0.7625 0.3671875 0.071875 0.059375
0 0.72890625 0.30390625 0.0890625 0.0734375
0 0.74453125 0.2703125 0.0828125 0.0703125
0 0.71484375 0.14140625 0.0609375 0.059375
0 0.71796875 0.09609375 0.1 0.1
0 0.634375 0.04375 0.0921875 0.078125
0 0.646875 0.0875 0.0890625 0.075
0 0.47265625 0.08046875 0.075 0.06875
0 0.540625 0.03515625 0.078125 0.0609375
0 0.5140625 0.14453125 0.0515625 0.046875
0 0.659375 0.31640625 0.090625 0.0765625
0 0.68984375 0.3703125 0.090625 0.0859375
0 0.6625 0.396875 0.0921875 0.0796875
0 0.7171875 0.4515625 0.071875 0.0640625
0 0.63359375 0.4734375 0.0875 0.0734375
0 0.67578125 0.53125 0.065625 0.065625
0 0.6359375 0.546875 0.0484375 0.04375
0 0.646875 0.5890625 0.05625 0.0515625
0 0.50390625 0.6234375 0.0453125 0.040625
0 0.57734375 0.53984375 0.0609375 0.046875