0 0.12890625 0.690625 0.1765625 0.2578125
0 0.04609375 0.61484375 0.0921875 0.1671875
0 0.25703125 0.73359375 0.228125 0.3125
0 0.421875 0.6796875 0.1609375 0.29375
0 0.7 0.68984375 0.2203125 0.315625
0 0.8296875 0.63515625 0.2421875 0.2828125
0 0.940625 0.7171875 0.103125 0.2671875
0 0.91875 0.4828125 0.1625 0.253125
0 0.80078125 0.4265625 0.1734375 0.2015625
0 0.6921875 0.45859375 0.1578125 0.215625
0 0.55546875 0.61171875 0.140625 0.2234375
0 0.0796875 0.46953125 0.159375 0.2546875
0 0.21328125 0.4234375 0.1484375 0.25625
0 0.103125 0.3421875 0.1890625 0.265625
0 0.2625 0.2515625 0.146875 0.23125
0 0.325 0.48984375 0.19375 0.228125
0 0.28828125 0.58984375 0.1984375 0.2578125
0 0.4484375 0.45703125 0.1640625 0.221875
0 0.571875 0.40390625 0.159375 0.196875
0 0.6921875 0.253125 0.1953125 0.26875
0 0.58203125 0.22578125 0.1828125 0.2140625
0 0.48828125 0.2671875 0.1625 0.2453125
0 0.37890625 0.27109375 0.1765625 0.2375
0 0.3265625 0.0984375 0.16875 0.196875
0 0.1578125 0.18671875 0.1734375 0.2265625
0 0.73125 0.13515625 0.134375 0.1796875
0 0.6359375 0.1421875 0.1296875 0.1765625