0 0.78359375 0.80625 0.228125 0.2875
0 0.90078125 0.76875 0.1296875 0.171875
0 0.6484375 0.803125 0.25 0.325
0 0.51171875 0.6953125 0.21875 0.3140625
0 0.246875 0.61015625 0.2046875 0.315625
0 0.14375 0.5140625 0.2421875 0.2859375
0 0.0390625 0.55234375 0.078125 0.2734375
0 0.10546875 0.3375 0.2078125 0.271875
0 0.2421875 0.328125 0.1609375 0.19375
0 0.33359375 0.3953125 0.190625 0.234375
0 0.409375 0.5859375 0.1796875 0.24375
0 0.903125 0.615625 0.19375 0.275
0 0.7953125 0.52578125 0.1765625 0.265625
0 0.915625 0.48671875 0.16875 0.2703125
0 0.80859375 0.34765625 0.178125 0.2453125
0 0.66796875 0.55 0.1890625 0.228125
0 0.66796875 0.65703125 0.2515625 0.2921875
0 0.56328125 0.4765625 0.1984375 0.2421875
0 0.465625 0.38515625 0.1734375 0.20625
0 0.40390625 0.2015625 0.2140625 0.278125
0 0.5171875 0.21484375 0.1890625 0.2203125
0 0.590625 0.28515625 0.178125 0.2515625
0 0.6921875 0.3265625 0.1859375 0.2421875
0 0.8015625 0.17578125 0.18125 0.2171875
0 0.91015625 0.32265625 0.1796875 0.2515625
0 0.40703125 0.0859375 0.1515625 0.171875
0 0.49453125 0.1171875 0.146875 0.1859375