0 0.39609375 0.33046875 0.7921875 0.6609375
0 0.7671875 0.63125 0.465625 0.365625
0 0.74921875 0.79140625 0.5015625 0.4171875
0 0.5015625 0.87578125 0.3625 0.2484375
0 0.38515625 0.96796875 0.3078125 0.0640625
0 0.26875 0.94296875 0.234375 0.1140625
0 0.21796875 0.871875 0.2328125 0.2109375
0 0.428125 0.75 0.33125 0.28125
0 0.19296875 0.728125 0.3234375 0.30625
0 0.65546875 0.50625 0.5171875 0.353125
0 0.9640625 0.61484375 0.071875 0.2296875
0 0.9046875 0.42578125 0.190625 0.2359375
0 0.3609375 0.59140625 0.215625 0.171875