0 0.878125 0.39296875 0.20625 0.1671875
0 0.73203125 0.58984375 0.3421875 0.259375
0 0.59921875 0.7453125 0.4453125 0.3015625
0 0.2796875 0.79921875 0.3984375 0.3296875
0 0.51484375 0.56328125 0.26875 0.2265625
0 0.28828125 0.6765625 0.321875 0.253125
0 0.8453125 0.64375 0.309375 0.3
0 0.51796875 0.890625 0.3609375 0.21875
0 0.34453125 0.9703125 0.2859375 0.059375
0 0.2640625 0.91796875 0.253125 0.1640625
0 0.71484375 0.81640625 0.296875 0.2296875
0 0.92109375 0.81171875 0.1578125 0.1390625
0 0.9078125 0.72890625 0.184375 0.2453125