0 0.82109375 0.7265625 0.2125 0.1796875
0 0.5765625 0.7375 0.33125 0.25625
0 0.371875 0.73125 0.4703125 0.3703125
0 0.15703125 0.51640625 0.3140625 0.2921875
0 0.46015625 0.5515625 0.26875 0.23125
0 0.2296875 0.446875 0.3453125 0.296875
0 0.62421875 0.8625 0.3703125 0.275
0 0.175 0.78984375 0.35 0.3046875
0 0.05390625 0.73359375 0.1078125 0.2078125
0 0.05703125 0.60703125 0.1140625 0.2515625
0 0.3890625 0.86640625 0.2875 0.225
0 0.53359375 0.98515625 0.1921875 0.0296875
0 0.6109375 0.9375 0.290625 0.125