0 0.5203125 0.59296875 0.290625 0.284375
0 0.4265625 0.75703125 0.290625 0.26875
0 0.209375 0.8375 0.3078125 0.290625
0 0.28828125 0.56015625 0.3265625 0.321875
0 0.11328125 0.60078125 0.2265625 0.3015625
0 0.1234375 0.43046875 0.246875 0.2546875
0 0.35 0.3671875 0.2296875 0.1984375
0 0.47421875 0.446875 0.228125 0.1734375
0 0.63984375 0.33203125 0.19375 0.2046875
0 0.453125 0.27890625 0.190625 0.140625
0 0.13671875 0.24453125 0.16875 0.125
0 0.4390625 0.91484375 0.23125 0.1703125
0 0.334375 0.98203125 0.225 0.0359375
0 0.26171875 0.93203125 0.2390625 0.1359375
0 0.5953125 0.6828125 0.1671875 0.16875
0 0.68359375 0.5359375 0.13125 0.128125
0 0.30625 0.24765625 0.165625 0.1296875
0 0.16015625 0.33984375 0.228125 0.1953125