0 0.41796875 0.38125 0.2875 0.2890625
0 0.17109375 0.35703125 0.3421875 0.3796875
0 0.2515625 0.121875 0.39375 0.24375
0 0.5328125 0.1421875 0.303125 0.2828125
0 0.66171875 0.31796875 0.2703125 0.265625
0 0.7828125 0.371875 0.1390625 0.171875
0 0.60625 0.46953125 0.1796875 0.159375
0 0.4625 0.5640625 0.2 0.171875
0 0.20625 0.534375 0.3046875 0.21875
0 0.2984375 0.62890625 0.1765625 0.1421875
0 0.409375 0.69140625 0.171875 0.140625
0 0.55703125 0.6546875 0.1734375 0.153125
0 0.73046875 0.5734375 0.1859375 0.1765625
0 0.615625 0.5609375 0.15625 0.1453125