0 0.4140625 0.6890625 0.4328125 0.4015625
0 0.30625 0.38359375 0.5078125 0.475
0 0.634375 0.37890625 0.3796875 0.34375
0 0.88984375 0.525 0.2203125 0.26875
0 0.91484375 0.73203125 0.1703125 0.3390625
0 0.78828125 0.79609375 0.4 0.3546875
0 0.4953125 0.87734375 0.40625 0.2453125
0 0.225 0.8515625 0.33125 0.296875
0 0.15 0.60234375 0.3 0.3484375
0 0.12734375 0.2796875 0.2546875 0.34375
0 0.54921875 0.15859375 0.4671875 0.3171875
0 0.7890625 0.09296875 0.253125 0.1859375
0 0.85546875 0.30546875 0.278125 0.325
0 0.25234375 0.13671875 0.2671875 0.221875