0 0.68046875 0.34296875 0.240625 0.1609375
0 0.79140625 0.07890625 0.2203125 0.1578125
0 0.64609375 0.14296875 0.234375 0.2078125
0 0.42265625 0.18828125 0.2265625 0.2015625
0 0.4828125 0.30234375 0.1828125 0.1671875
0 0.546875 0.40859375 0.159375 0.1609375
0 0.70859375 0.45625 0.209375 0.1953125
0 0.8234375 0.2546875 0.190625 0.196875
0 0.85078125 0.4015625 0.1875 0.1921875
0 0.83046875 0.5453125 0.18125 0.1671875
0 0.928125 0.5875 0.14375 0.20625
0 0.93515625 0.74453125 0.1296875 0.1796875
0 0.871875 0.68046875 0.1453125 0.153125
0 0.753125 0.65703125 0.171875 0.1796875
0 0.60390625 0.69296875 0.196875 0.1875
0 0.61171875 0.5546875 0.1890625 0.1828125
0 0.49453125 0.53359375 0.1640625 0.159375
0 0.61953125 0.26328125 0.1453125 0.1171875
0 0.340625 0.09140625 0.1984375 0.16875
0 0.24296875 0.25234375 0.234375 0.21875
0 0.0828125 0.19609375 0.165625 0.2078125
0 0.03984375 0.29375 0.0796875 0.178125
0 0.08125 0.46328125 0.1625 0.1734375
0 0.221875 0.4 0.25 0.2125
0 0.35234375 0.3984375 0.1703125 0.1484375
0 0.2234375 0.53046875 0.2234375 0.2
0 0.20703125 0.68671875 0.175 0.1625
0 0.11328125 0.74921875 0.1546875 0.1828125
0 0.1859375 0.8328125 0.1671875 0.178125
0 0.21953125 0.9609375 0.1984375 0.078125
0 0.34375 0.9609375 0.159375 0.078125
0 0.2828125 0.89296875 0.1328125 0.1375
0 0.39921875 0.84140625 0.234375 0.24375
0 0.47734375 0.94765625 0.2015625 0.1046875
0 0.5609375 0.834375 0.2421875 0.228125
0 0.63359375 0.93203125 0.1828125 0.1359375
0 0.7921875 0.89609375 0.165625 0.1125
0 0.7015625 0.83515625 0.1890625 0.1828125
0 0.959375 0.82578125 0.08125 0.1234375
0 0.35078125 0.73828125 0.2171875 0.184375
0 0.39296875 0.60703125 0.1703125 0.1703125
0 0.48984375 0.6703125 0.1578125 0.1328125
0 0.46953125 0.07109375 0.1546875 0.1390625
0 0.70859375 0.03125 0.1890625 0.0625