0 0.59609375 0.4671875 0.1796875 0.15
0 0.58125 0.35078125 0.1515625 0.125
0 0.65625 0.2828125 0.146875 0.1203125
0 0.9140625 0.5078125 0.165625 0.153125
0 0.65 0.79453125 0.146875 0.1296875
0 0.603125 0.88359375 0.1359375 0.11875
0 0.553125 0.959375 0.125 0.08125
0 0.496875 0.9140625 0.1109375 0.115625
0 0.771875 0.04453125 0.103125 0.0890625
0 0.82734375 0.04921875 0.0875 0.0921875
0 0.79921875 0.15 0.1390625 0.134375
0 0.6921875 0.05390625 0.15 0.1078125
0 0.865625 0.14921875 0.096875 0.115625
0 0.859375 0.24609375 0.1234375 0.11875
0 0.778125 0.25390625 0.11875 0.1078125
0 0.61640625 0.10078125 0.0796875 0.0734375
0 0.65625 0.14453125 0.1046875 0.1015625
0 0.7359375 0.10625 0.109375 0.109375
0 0.503125 0.0140625 0.109375 0.028125
0 0.621875 0.0234375 0.096875 0.046875
0 0.55859375 0.0453125 0.1078125 0.090625
0 0.53828125 0.11640625 0.1390625 0.13125
0 0.4515625 0.14296875 0.1359375 0.125
0 0.35546875 0.16796875 0.1421875 0.134375
0 0.28515625 0.078125 0.1125 0.0890625
0 0.3734375 0.090625 0.109375 0.096875
0 0.25859375 0.16171875 0.128125 0.121875
0 0.18671875 0.12578125 0.11875 0.10625
0 0.11328125 0.165625 0.1296875 0.128125
0 0.02109375 0.25546875 0.0421875 0.1484375
0 0.03671875 0.340625 0.0734375 0.146875
0 0.071875 0.2625 0.10625 0.103125
0 0.19765625 0.30625 0.1265625 0.1203125
0 0.1 0.35 0.125 0.115625
0 0.2015625 0.23046875 0.1296875 0.1234375
0 0.2890625 0.24375 0.1453125 0.11875
0 0.29453125 0.321875 0.16875 0.15
0 0.3765625 0.328125 0.1359375 0.1359375
0 0.41015625 0.23828125 0.1171875 0.11875
0 0.48671875 0.2171875 0.103125 0.1015625
0 0.57890625 0.1859375 0.1203125 0.1109375
0 0.45546875 0.3015625 0.103125 0.09375
0 0.63046875 0.228125 0.1046875 0.084375
0 0.7109375 0.21171875 0.096875 0.090625
0 0.33203125 0.428125 0.146875 0.134375
0 0.43984375 0.39921875 0.1453125 0.134375
0 0.1953125 0.40234375 0.1828125 0.1578125
0 0.146875 0.48046875 0.1234375 0.109375
0 0.0578125 0.5015625 0.115625 0.15625
0 0.12578125 0.5515625 0.140625 0.115625
0 0.209375 0.56953125 0.1203125 0.1125
0 0.30546875 0.52421875 0.1390625 0.128125
0 0.31328125 0.61953125 0.1359375 0.128125
0 0.4859375 0.45 0.125 0.1015625
0 0.40546875 0.51484375 0.103125 0.0984375
0 0.51796875 0.51640625 0.1328125 0.1234375
0 0.709375 0.3953125 0.1421875 0.1453125
0 0.796875 0.39921875 0.1203125 0.1171875
0 0.86640625 0.3484375 0.1296875 0.125
0 0.81171875 0.4859375 0.1015625 0.0921875
0 0.73515625 0.490625 0.1296875 0.1296875
0 0.63984375 0.53125 0.159375 0.1484375
0 0.58359375 0.61328125 0.1671875 0.165625
0 0.48984375 0.6109375 0.109375 0.10625
0 0.4203125 0.65234375 0.1046875 0.0890625
0 0.4078125 0.72890625 0.1375 0.1203125
0 0.31640625 0.71484375 0.1015625 0.10625
0 0.23515625 0.7640625 0.128125 0.134375
0 0.15859375 0.74296875 0.1625 0.1390625
0 0.1015625 0.67734375 0.1546875 0.1328125
0 0.30078125 0.8171875 0.1296875 0.128125
0 0.14453125 0.8234375 0.128125 0.1171875
0 0.23515625 0.90234375 0.140625 0.1421875
0 0.32265625 0.93359375 0.1609375 0.1328125
0 0.2015625 0.965625 0.121875 0.06875
0 0.41796875 0.9296875 0.0984375 0.1140625
0 0.45546875 0.80234375 0.1484375 0.140625
0 0.3703125 0.840625 0.140625 0.1359375
0 0.5421875 0.796875 0.159375 0.14375
0 0.58125 0.7109375 0.1234375 0.115625
0 0.68515625 0.67265625 0.1609375 0.1578125
0 0.72578125 0.58828125 0.146875 0.1328125
0 0.83984375 0.6171875 0.1453125 0.1375
0 0.76875 0.67890625 0.1140625 0.11875
0 0.98046875 0.59765625 0.0390625 0.1078125
0 0.96171875 0.659375 0.0765625 0.115625
0 0.9234375 0.70234375 0.1046875 0.1171875
0 0.94609375 0.81171875 0.1078125 0.1203125
0 0.8703125 0.8 0.1453125 0.1296875
0 0.83984375 0.71171875 0.134375 0.13125
0 0.7140625 0.83984375 0.1171875 0.1046875
0 0.74921875 0.890625 0.134375 0.125
0 0.665625 0.9359375 0.1140625 0.096875
0 0.49453125 0.68984375 0.0953125 0.08125