0 0.38203125 0.83046875 0.284375 0.334375
0 0.60703125 0.78125 0.2828125 0.415625
0 0.8421875 0.8203125 0.271875 0.359375
0 0.22890625 0.76484375 0.2421875 0.3640625
0 0.08671875 0.77109375 0.1734375 0.3484375
0 0.13203125 0.478125 0.2640625 0.39375
0 0.3171875 0.4390625 0.25 0.353125
0 0.50390625 0.52890625 0.3046875 0.353125
0 0.74296875 0.5265625 0.2859375 0.3671875
0 0.90546875 0.55078125 0.1890625 0.4265625
0 0.225 0.16953125 0.25 0.3390625
0 0.45703125 0.21875 0.3390625 0.415625
0 0.66796875 0.2703125 0.29375 0.35625
0 0.890625 0.2984375 0.21875 0.30625