0 0.815625 0.6515625 0.34375 0.3
0 0.78515625 0.421875 0.4296875 0.33125
0 0.834375 0.19453125 0.33125 0.3046875
0 0.73515625 0.79765625 0.3828125 0.2875
0 0.72265625 0.92578125 0.3578125 0.1484375
0 0.43671875 0.8640625 0.4015625 0.271875
0 0.4203125 0.675 0.371875 0.2875
0 0.5296875 0.49921875 0.3734375 0.33125
0 0.5515625 0.26171875 0.4015625 0.340625
0 0.59375 0.10859375 0.43125 0.2171875
0 0.16015625 0.73828125 0.3203125 0.2796875
0 0.2171875 0.51328125 0.434375 0.3796875
0 0.2890625 0.309375 0.3796875 0.328125
0 0.3421875 0.1125 0.3375 0.225