0 0.67890625 0.1984375 0.2953125 0.3375
0 0.4484375 0.2140625 0.359375 0.428125
0 0.2328125 0.15859375 0.34375 0.3171875
0 0.8171875 0.2921875 0.303125 0.3875
0 0.92421875 0.31875 0.1515625 0.36875
0 0.8484375 0.59453125 0.303125 0.4203125
0 0.66796875 0.59453125 0.31875 0.3890625
0 0.5015625 0.4703125 0.3125 0.353125
0 0.2671875 0.42734375 0.33125 0.3921875
0 0.1140625 0.3671875 0.228125 0.43125
0 0.70546875 0.8421875 0.3328125 0.315625
0 0.48828125 0.77890625 0.4015625 0.4421875
0 0.29140625 0.69375 0.325 0.3734375
0 0.1109375 0.6203125 0.221875 0.346875