0 0.59140625 0.103125 0.1734375 0.20625
0 0.4953125 0.1140625 0.196875 0.228125
0 0.396875 0.05390625 0.1625 0.1078125
0 0.27109375 0.040625 0.1984375 0.08125
0 0.16796875 0.0640625 0.1203125 0.128125
0 0.21015625 0.14375 0.2421875 0.2703125
0 0.31796875 0.17109375 0.134375 0.1703125
0 0.38984375 0.24921875 0.159375 0.196875
0 0.49765625 0.29140625 0.15 0.190625
0 0.26953125 0.35390625 0.1453125 0.175
0 0.19375 0.28984375 0.1765625 0.175
0 0.09921875 0.4109375 0.1140625 0.1109375
0 0.11953125 0.33671875 0.1015625 0.103125
0 0.15078125 0.48046875 0.115625 0.128125
0 0.0484375 0.52890625 0.096875 0.1578125
0 0.1015625 0.575 0.1421875 0.15
0 0.1875 0.56953125 0.0859375 0.10625
0 0.221875 0.6640625 0.0796875 0.103125
0 0.1734375 0.775 0.08125 0.1171875
0 0.1515625 0.69453125 0.115625 0.140625
0 0.05390625 0.78828125 0.1078125 0.1234375
0 0.028125 0.65078125 0.05625 0.1359375
0 0.328125 0.87265625 0.1296875 0.15
0 0.42265625 0.8421875 0.1484375 0.15625
0 0.4328125 0.74375 0.15 0.1515625
0 0.30546875 0.7828125 0.0953125 0.1015625
0 0.40625 0.65078125 0.1140625 0.125
0 0.75078125 0.4625 0.228125 0.2734375
0 0.64609375 0.403125 0.1484375 0.16875
0 0.76640625 0.146875 0.1921875 0.1984375
0 0.94609375 0.396875 0.1078125 0.190625
0 0.85390625 0.503125 0.1953125 0.2265625
0 0.84453125 0.31484375 0.1453125 0.153125
0 0.728125 0.3078125 0.134375 0.15625
0 0.59453125 0.5984375 0.1609375 0.171875
0 0.55859375 0.52265625 0.1234375 0.140625
0 0.69453125 0.6671875 0.1375 0.1359375
0 0.78203125 0.665625 0.1484375 0.1609375
0 0.88125 0.68984375 0.1234375 0.1359375
0 0.87109375 0.60234375 0.1609375 0.1828125
0 0.89296875 0.74921875 0.1265625 0.1421875
0 0.60078125 0.7359375 0.109375 0.1203125
0 0.52578125 0.6890625 0.1375 0.1484375
0 0.5125 0.79453125 0.1046875 0.121875
0 0.6734375 0.809375 0.1328125 0.1484375
0 0.58984375 0.8296875 0.1296875 0.134375
0 0.5140625 0.90234375 0.125 0.140625
0 0.74765625 0.9671875 0.1171875 0.065625
0 0.74921875 0.91796875 0.11875 0.1390625
0 0.8296875 0.921875 0.1375 0.15625