0 0.103125 0.61484375 0.196875 0.146875
0 0.1140625 0.515625 0.228125 0.203125
0 0.04765625 0.42265625 0.0953125 0.1421875
0 0.03984375 0.29921875 0.0796875 0.2203125
0 0.05625 0.19296875 0.1125 0.1265625
0 0.13125 0.22890625 0.2625 0.2359375
0 0.1625 0.3359375 0.1796875 0.15
0 0.24375 0.403125 0.2234375 0.1984375
0 0.2921875 0.50859375 0.1921875 0.1546875
0 0.3421875 0.27734375 0.184375 0.1609375
0 0.27421875 0.20546875 0.171875 0.1734375
0 0.38984375 0.1046875 0.1296875 0.13125
0 0.3171875 0.128125 0.1078125 0.1046875
0 0.4625 0.15234375 0.1265625 0.115625
0 0.50390625 0.05078125 0.1640625 0.1015625
0 0.55390625 0.0984375 0.146875 0.1359375
0 0.553125 0.184375 0.1078125 0.0890625
0 0.64921875 0.2140625 0.1046875 0.0828125
0 0.7578125 0.159375 0.1171875 0.0859375
0 0.6765625 0.14140625 0.1453125 0.125
0 0.76484375 0.04453125 0.1140625 0.0890625
0 0.62421875 0.02734375 0.1421875 0.0546875
0 0.86328125 0.30859375 0.1375 0.1140625
0 0.8375 0.4046875 0.1609375 0.1546875
0 0.73984375 0.4203125 0.1546875 0.153125
0 0.771875 0.290625 0.103125 0.0984375
0 0.64609375 0.3984375 0.1265625 0.1171875
0 0.47578125 0.75234375 0.2578125 0.2046875
0 0.4109375 0.6515625 0.1875 0.171875
0 0.16328125 0.78359375 0.2078125 0.2015625
0 0.421875 0.94765625 0.190625 0.1046875
0 0.521875 0.85390625 0.2078125 0.171875
0 0.3328125 0.85390625 0.1515625 0.1453125
0 0.31953125 0.73828125 0.146875 0.125
0 0.60390625 0.58984375 0.1765625 0.165625
0 0.52578125 0.55703125 0.153125 0.1375
0 0.6765625 0.68515625 0.146875 0.15
0 0.68046875 0.77265625 0.171875 0.1609375
0 0.709375 0.87109375 0.1453125 0.1359375
0 0.621875 0.865625 0.1671875 0.1390625
0 0.76875 0.87734375 0.153125 0.1375
0 0.74140625 0.58828125 0.140625 0.13125
0 0.68984375 0.515625 0.14375 0.13125
0 0.79453125 0.496875 0.134375 0.121875
0 0.81796875 0.65703125 0.1359375 0.11875
0 0.834375 0.571875 0.1515625 0.1484375
0 0.90234375 0.49296875 0.146875 0.1328125
0 0.97421875 0.7203125 0.0515625 0.115625
0 0.9296875 0.7265625 0.140625 0.125
0 0.93359375 0.80859375 0.1328125 0.1234375