0 0.5359375 0.90625 0.125 0.1875
0 0.440625 0.884375 0.184375 0.23125
0 0.33046875 0.940625 0.1328125 0.11875
0 0.2 0.93984375 0.203125 0.1203125
0 0.10859375 0.8984375 0.1046875 0.1484375
0 0.16328125 0.8125 0.1796875 0.2265625
0 0.27421875 0.8 0.121875 0.165625
0 0.35625 0.73359375 0.1671875 0.2046875
0 0.46875 0.70625 0.1296875 0.1828125
0 0.2515625 0.6125 0.140625 0.171875
0 0.16796875 0.665625 0.15 0.1484375
0 0.090625 0.5328125 0.11875 0.115625
0 0.1 0.60859375 0.0921875 0.096875
0 0.1515625 0.4703125 0.096875 0.115625
0 0.05 0.40546875 0.1 0.1515625
0 0.115625 0.3703125 0.1171875 0.1296875
0 0.20078125 0.38828125 0.0828125 0.10625
0 0.24765625 0.29921875 0.0796875 0.1046875
0 0.21484375 0.18203125 0.071875 0.1140625
0 0.18203125 0.25859375 0.096875 0.1328125
0 0.09609375 0.1515625 0.0875 0.1046875
0 0.040625 0.28125 0.08125 0.134375
0 0.38125 0.10703125 0.1125 0.140625
0 0.47109375 0.15078125 0.1296875 0.140625
0 0.4671875 0.24921875 0.134375 0.1359375
0 0.34609375 0.19296875 0.084375 0.0953125
0 0.428125 0.3375 0.09375 0.1109375
0 0.74296875 0.571875 0.1921875 0.25625
0 0.63125 0.61640625 0.13125 0.15625
0 0.7140625 0.88671875 0.1765625 0.184375
0 0.9671875 0.821875 0.065625 0.19375
0 0.9359375 0.6671875 0.128125 0.19375
0 0.8515625 0.54609375 0.1484375 0.196875
0 0.815625 0.73125 0.1453125 0.153125
0 0.69921875 0.72265625 0.1171875 0.1453125
0 0.6078125 0.415625 0.1296875 0.146875
0 0.5609375 0.4859375 0.1171875 0.1390625
0 0.715625 0.36171875 0.1421875 0.140625
0 0.80234375 0.375 0.134375 0.15
0 0.9046875 0.36484375 0.1171875 0.13125
0 0.88203125 0.45078125 0.1140625 0.15625
0 0.925 0.3078125 0.1125 0.13125
0 0.63203125 0.28046875 0.115625 0.128125
0 0.5515625 0.31640625 0.103125 0.1234375
0 0.553125 0.21015625 0.1015625 0.121875
0 0.71484375 0.21796875 0.11875 0.1375
0 0.634375 0.1859375 0.1328125 0.1375
0 0.5703125 0.10390625 0.103125 0.125
0 0.815625 0.0515625 0.1125 0.103125
0 0.80546875 0.12109375 0.1078125 0.13125
0 0.8765625 0.02265625 0.08125 0.0453125
0 0.8875 0.12734375 0.1109375 0.140625