0 0.1296875 0.5453125 0.24375 0.275
0 0.08828125 0.334375 0.1703125 0.2546875
0 0.12109375 0.11796875 0.1515625 0.2359375
0 0.21953125 0.090625 0.1953125 0.18125
0 0.22109375 0.3265625 0.1984375 0.2125
0 0.26171875 0.52578125 0.1671875 0.221875
0 0.3484375 0.36171875 0.1625 0.1875
0 0.32421875 0.14296875 0.15625 0.1984375
0 0.4390625 0.09609375 0.1078125 0.1265625
0 0.42265625 0.3046875 0.1 0.128125
0 0.421875 0.46875 0.115625 0.1375
0 0.48984375 0.32421875 0.0859375 0.121875
0 0.49921875 0.17578125 0.084375 0.1203125
0 0.49921875 0.40234375 0.1125 0.1390625
0 0.490625 0.8453125 0.0890625 0.1109375