0 0.15390625 0.6390625 0.2125 0.2515625
0 0.07578125 0.4453125 0.1515625 0.259375
0 0.04921875 0.21015625 0.0984375 0.2671875
0 0.11328125 0.140625 0.165625 0.2390625
0 0.18515625 0.4046875 0.1578125 0.18125
0 0.2765625 0.58671875 0.15625 0.215625
0 0.31796875 0.40546875 0.1390625 0.171875
0 0.2375 0.2 0.134375 0.1859375
0 0.33671875 0.125 0.09375 0.1171875
0 0.375 0.33203125 0.0953125 0.125
0 0.41640625 0.48984375 0.1046875 0.1296875
0 0.44453125 0.3328125 0.075 0.115625
0 0.415625 0.1875 0.0640625 0.1109375
0 0.47421875 0.40625 0.0921875 0.1265625
0 0.58046875 0.8359375 0.0640625 0.096875