0 0.8484375 0.77734375 0.0546875 0.046875
0 0.8140625 0.8015625 0.0703125 0.0625
0 0.72734375 0.7953125 0.0671875 0.05625
0 0.73515625 0.6421875 0.0734375 0.0609375
0 0.75390625 0.540625 0.075 0.0546875
0 0.73125 0.46953125 0.0625 0.0546875
0 0.82734375 0.37578125 0.05 0.0390625
0 0.7609375 0.3265625 0.0671875 0.0578125
0 0.69921875 0.309375 0.040625 0.0359375
0 0.62734375 0.425 0.05625 0.0578125
0 0.44453125 0.78984375 0.0546875 0.05
0 0.41640625 0.753125 0.0390625 0.0359375
0 0.38359375 0.73515625 0.053125 0.0453125
0 0.5359375 0.64921875 0.0453125 0.046875
0 0.63671875 0.65078125 0.0515625 0.0390625
0 0.6515625 0.596875 0.046875 0.0421875
0 0.5171875 0.6015625 0.0515625 0.046875
0 0.50625 0.553125 0.0625 0.0453125
0 0.55546875 0.57734375 0.0671875 0.0546875
0 0.4234375 0.5609375 0.0703125 0.05625
0 0.2890625 0.60703125 0.0640625 0.0609375
0 0.31796875 0.5953125 0.05 0.0484375
0 0.2359375 0.621875 0.0484375 0.0453125
0 0.16640625 0.6328125 0.053125 0.046875
0 0.16171875 0.7015625 0.0453125 0.0359375
0 0.47578125 0.759375 0.04375 0.040625
0 0.3609375 0.48125 0.065625 0.0609375
0 0.25078125 0.49453125 0.0765625 0.0609375
0 0.3125 0.3203125 0.0578125 0.0515625
0 0.2640625 0.365625 0.059375 0.0546875
0 0.33046875 0.38984375 0.059375 0.05
0 0.3265625 0.44140625 0.0390625 0.034375
0 0.409375 0.42421875 0.0828125 0.065625
0 0.6234375 0.52421875 0.05625 0.0453125
0 0.546875 0.2640625 0.0625 0.0546875
0 0.45859375 0.28828125 0.053125 0.0390625
0 0.8609375 0.39453125 0.040625 0.0375