0 0.5578125 0.05859375 0.0546875 0.059375
0 0.596875 0.07578125 0.0625 0.0703125
0 0.6359375 0.153125 0.065625 0.0734375
0 0.50078125 0.225 0.0625 0.0734375
0 0.40390625 0.26171875 0.065625 0.0796875
0 0.3546875 0.3171875 0.05625 0.0625
0 0.225 0.28359375 0.0390625 0.0484375
0 0.2171875 0.365625 0.0546875 0.065625
0 0.234375 0.42734375 0.0359375 0.040625
0 0.36953125 0.4296875 0.05625 0.053125
0 0.7765625 0.3984375 0.0484375 0.0546875
0 0.759375 0.44140625 0.0359375 0.0375
0 0.76171875 0.47890625 0.0421875 0.0515625
0 0.609375 0.3921875 0.046875 0.046875
0 0.559375 0.30546875 0.0421875 0.0515625
0 0.5046875 0.3203125 0.046875 0.0515625
0 0.578125 0.4328125 0.046875 0.0515625
0 0.5421875 0.4671875 0.05625 0.06875
0 0.5375 0.4125 0.05 0.0640625
0 0.59140625 0.534375 0.0640625 0.0765625
0 0.7 0.62578125 0.065625 0.0671875
0 0.67578125 0.60625 0.0453125 0.0484375
0 0.740625 0.66328125 0.05 0.0515625
0 0.78515625 0.7171875 0.0515625 0.05625
0 0.846875 0.68671875 0.040625 0.0484375
0 0.73515625 0.3875 0.0421875 0.0453125
0 0.55546875 0.628125 0.0546875 0.0609375
0 0.6234375 0.71640625 0.0671875 0.0796875
0 0.44296875 0.75390625 0.053125 0.059375
0 0.50625 0.771875 0.0609375 0.0640625
0 0.49296875 0.70234375 0.05625 0.0625
0 0.5390625 0.67890625 0.0375 0.040625
0 0.48203125 0.61640625 0.065625 0.0828125
0 0.45703125 0.38125 0.04375 0.05625
0 0.27421875 0.58125 0.0609375 0.0671875
0 0.33984375 0.64453125 0.04375 0.05625
0 0.2234375 0.24453125 0.040625 0.04375