0 0.13984375 0.2546875 0.2796875 0.328125
0 0.2328125 0.08984375 0.2796875 0.1625
0 0.81015625 0.1171875 0.3421875 0.234375
0 0.83046875 0.32734375 0.3328125 0.2515625
0 0.8328125 0.55234375 0.334375 0.2765625
0 0.43828125 0.52265625 0.375 0.3296875
0 0.715625 0.73515625 0.3234375 0.271875
0 0.51328125 0.86015625 0.28125 0.20625
0 0.25546875 0.91875 0.3140625 0.1625
0 0.15078125 0.68984375 0.296875 0.3265625
0 0.22265625 0.4515625 0.2359375 0.1890625
0 0.33125 0.29140625 0.184375 0.2234375
0 0.51171875 0.09921875 0.2828125 0.1984375
0 0.7203125 0.91640625 0.278125 0.1578125
0 0.91953125 0.86484375 0.1609375 0.2234375