0 0.07890625 0.7890625 0.1578125 0.196875
0 0.0546875 0.65390625 0.109375 0.2109375
0 0.08125 0.48046875 0.1625 0.1796875
0 0.12421875 0.3515625 0.171875 0.1625
0 0.17578125 0.22890625 0.1453125 0.13125
0 0.19609375 0.1109375 0.165625 0.1703125
0 0.2296875 0.046875 0.209375 0.09375
0 0.3515625 0.04296875 0.1625 0.0859375
0 0.31328125 0.13984375 0.15 0.1453125
0 0.271875 0.31875 0.171875 0.175
0 0.23125 0.446875 0.1734375 0.165625
0 0.18984375 0.56640625 0.14375 0.1515625
0 0.190625 0.69453125 0.10625 0.1140625
0 0.14375 0.86015625 0.1328125 0.14375
0 0.253125 0.85 0.184375 0.196875
0 0.29765625 0.7 0.1734375 0.171875
0 0.31015625 0.571875 0.1734375 0.1953125
0 0.3578125 0.45234375 0.1953125 0.2046875
0 0.39140625 0.32421875 0.1609375 0.1625
0 0.42109375 0.2125 0.178125 0.1625
0 0.45 0.115625 0.1546875 0.1390625
0 0.4625 0.0359375 0.13125 0.071875
0 0.57265625 0.0546875 0.1421875 0.109375
0 0.54453125 0.1390625 0.1453125 0.134375
0 0.51796875 0.3265625 0.1515625 0.1546875
0 0.4703125 0.46328125 0.1453125 0.1578125
0 0.41171875 0.6 0.14375 0.1421875
0 0.4046875 0.740625 0.1421875 0.1578125
0 0.3953125 0.878125 0.228125 0.23125
0 0.51953125 0.76640625 0.225 0.2328125
0 0.50546875 0.9359375 0.1421875 0.128125
0 0.5453125 0.634375 0.1859375 0.1671875
0 0.5828125 0.51953125 0.1796875 0.1765625
0 0.65703125 0.37265625 0.184375 0.175
0 0.62890625 0.196875 0.165625 0.1828125
0 0.75234375 0.23828125 0.1609375 0.19375
0 0.78203125 0.1125 0.1359375 0.13125
0 0.8953125 0.14375 0.134375 0.13125
0 0.9625 0.190625 0.075 0.171875
0 0.97109375 0.29921875 0.0578125 0.1203125
0 0.97109375 0.3984375 0.0578125 0.140625
0 0.896875 0.3859375 0.153125 0.14375
0 0.8875 0.2640625 0.153125 0.1453125
0 0.79453125 0.3390625 0.121875 0.1359375
0 0.67734375 0.7046875 0.1421875 0.1375
0 0.61328125 0.96015625 0.1390625 0.0796875
0 0.72734375 0.9390625 0.1796875 0.121875
0 0.81484375 0.878125 0.2 0.225
0 0.88046875 0.75625 0.175 0.2078125
0 0.803125 0.6 0.1234375 0.1125
0 0.6609375 0.8234375 0.1765625 0.16875