0 0.73125 0.93359375 0.1875 0.1328125
0 0.83984375 0.87578125 0.190625 0.2171875
0 0.87734375 0.6953125 0.1828125 0.1859375
0 0.9 0.559375 0.1859375 0.178125
0 0.91640625 0.42734375 0.1296875 0.1109375
0 0.93125 0.315625 0.1375 0.19375
0 0.94296875 0.19375 0.1140625 0.19375
0 0.87421875 0.15234375 0.18125 0.16875
0 0.84140625 0.28203125 0.1515625 0.146875
0 0.78828125 0.45703125 0.165625 0.1671875
0 0.759375 0.58828125 0.16875 0.159375
0 0.73515625 0.7125 0.159375 0.1640625
0 0.6703125 0.8234375 0.1046875 0.1125
0 0.62734375 0.95859375 0.1359375 0.0828125
0 0.53828125 0.9140625 0.1828125 0.171875
0 0.575 0.77421875 0.175 0.1734375
0 0.628125 0.65703125 0.1625 0.1890625
0 0.64765625 0.5296875 0.196875 0.20625
0 0.68125 0.40234375 0.15625 0.15625
0 0.7125 0.290625 0.165625 0.1453125
0 0.73515625 0.1921875 0.1546875 0.1390625
0 0.771875 0.103125 0.14375 0.1203125
0 0.66171875 0.0703125 0.134375 0.1125
0 0.64140625 0.16484375 0.1453125 0.134375
0 0.57109375 0.34140625 0.1390625 0.140625
0 0.54453125 0.4828125 0.153125 0.165625
0 0.5265625 0.63046875 0.1609375 0.1609375
0 0.4625 0.75625 0.1421875 0.1578125
0 0.4015625 0.8796875 0.2265625 0.23125
0 0.35 0.72109375 0.21875 0.228125
0 0.27109375 0.884375 0.16875 0.1703125
0 0.39296875 0.59375 0.1734375 0.15
0 0.41796875 0.47578125 0.1984375 0.1953125
0 0.42734375 0.31171875 0.1765625 0.165625
0 0.53984375 0.1734375 0.1890625 0.2015625
0 0.4125 0.14765625 0.175 0.2046875
0 0.4484375 0.046875 0.14375 0.09375
0 0.33515625 0.03203125 0.1453125 0.0640625
0 0.20703125 0.0265625 0.1765625 0.053125
0 0.16640625 0.07578125 0.128125 0.1328125
0 0.11953125 0.16328125 0.1203125 0.146875
0 0.21328125 0.20234375 0.159375 0.1484375
0 0.28203125 0.10234375 0.165625 0.15625
0 0.325 0.21328125 0.1140625 0.128125
0 0.24453125 0.58828125 0.134375 0.128125
0 0.15625 0.86640625 0.14375 0.140625
0 0.0765625 0.79609375 0.153125 0.1859375
0 0.06953125 0.6703125 0.1390625 0.225
0 0.06328125 0.5296875 0.1265625 0.20625
0 0.1875 0.43515625 0.140625 0.1328125
0 0.19921875 0.7 0.1546875 0.1453125