0 0.50234375 0.5765625 0.2265625 0.2015625
0 0.24453125 0.7 0.2484375 0.228125
0 0.1453125 0.80546875 0.290625 0.2515625
0 0.19296875 0.3296875 0.2765625 0.2421875
0 0.328125 0.30078125 0.225 0.1953125
0 0.42890625 0.27734375 0.2328125 0.175
0 0.5859375 0.37421875 0.2125 0.190625
0 0.4328125 0.4296875 0.23125 0.1828125
0 0.2984375 0.56953125 0.2421875 0.2140625
0 0.34765625 0.775 0.1703125 0.184375
0 0.396875 0.653125 0.1265625 0.1265625
0 0.140625 0.5625 0.28125 0.26875
0 0.06015625 0.6515625 0.1203125 0.178125
0 0.22890625 0.43125 0.16875 0.1296875
0 0.5 0.2234375 0.190625 0.14375
0 0.37265625 0.5171875 0.20625 0.1859375