0 0.42421875 0.49375 0.190625 0.2203125
0 0.2875 0.7453125 0.23125 0.25
0 0.165625 0.84609375 0.215625 0.2703125
0 0.65390625 0.815625 0.2609375 0.290625
0 0.68984375 0.68203125 0.1859375 0.2203125
0 0.71875 0.5828125 0.1640625 0.23125
0 0.63046875 0.4203125 0.1703125 0.1984375
0 0.56640625 0.5703125 0.178125 0.23125
0 0.41953125 0.69765625 0.1859375 0.2234375
0 0.2171875 0.63828125 0.16875 0.15
0 0.3421875 0.59453125 0.1203125 0.121875
0 0.4171875 0.8578125 0.2625 0.284375
0 0.3234375 0.93671875 0.16875 0.1265625
0 0.5546875 0.775 0.1203125 0.165625
0 0.77578125 0.51484375 0.1375 0.1890625
0 0.47578125 0.62578125 0.15625 0.1859375