0 0.48671875 0.4421875 0.1390625 0.1984375
0 0.4015625 0.453125 0.184375 0.2390625
0 0.33359375 0.2765625 0.146875 0.1671875
0 0.33125 0.5421875 0.134375 0.134375
0 0.26171875 0.46796875 0.090625 0.10625
0 0.31484375 0.42578125 0.1234375 0.1546875
0 0.584375 0.45 0.1375 0.1796875
0 0.6421875 0.3859375 0.1625 0.1875
0 0.6015625 0.2609375 0.1453125 0.1765625
0 0.5265625 0.3 0.146875 0.1734375
0 0.4359375 0.3171875 0.128125 0.14375
0 0.3890625 0.1890625 0.153125 0.171875
0 0.484375 0.18203125 0.1171875 0.1296875
0 0.69921875 0.31796875 0.125 0.1609375
0 0.5671875 0.5671875 0.11875 0.13125
0 0.48125 0.5765625 0.1109375 0.1234375
0 0.4078125 0.590625 0.1140625 0.1265625
0 0.253125 0.35703125 0.128125 0.128125
0 0.6890625 0.221875 0.1453125 0.1859375