0 0.39140625 0.575 0.2296875 0.178125
0 0.55625 0.68359375 0.1875 0.1453125
0 0.8296875 0.640625 0.1890625 0.15625
0 0.65859375 0.48671875 0.1734375 0.153125
0 0.79140625 0.41171875 0.1625 0.15
0 0.709375 0.27109375 0.1625 0.140625
0 0.696875 0.07421875 0.1609375 0.128125
0 0.48515625 0.0953125 0.1796875 0.16875
0 0.4765625 0.31875 0.1515625 0.1421875
0 0.25546875 0.14609375 0.171875 0.1609375
0 0.29375 0.04765625 0.1625 0.0953125
0 0.62890625 0.8203125 0.15 0.1171875
0 0.5484375 0.93515625 0.1375 0.0984375
0 0.46796875 0.7296875 0.15 0.128125
0 0.321875 0.759375 0.1640625 0.1375
0 0.40390625 0.8484375 0.1140625 0.0984375
0 0.50546875 0.859375 0.1234375 0.1109375
0 0.23125 0.6 0.1171875 0.0828125
0 0.30390625 0.95703125 0.1078125 0.0609375
0 0.1375 0.915625 0.18125 0.1140625
0 0.31015625 0.375 0.190625 0.13125
0 0.35078125 0.3078125 0.1 0.078125
0 0.2171875 0.33515625 0.1125 0.0859375
0 0.12109375 0.31640625 0.1046875 0.115625
0 0.16328125 0.5 0.1125 0.078125
0 0.03046875 0.65234375 0.0609375 0.0765625
0 0.0375 0.76953125 0.075 0.0734375