0 0.59921875 0.4171875 0.146875 0.140625
0 0.5671875 0.26484375 0.0984375 0.109375
0 0.38671875 0.171875 0.1125 0.1015625
0 0.1484375 0.52265625 0.1171875 0.115625
0 0.2375 0.41640625 0.0890625 0.0875
0 0.3 0.5828125 0.1046875 0.096875
0 0.26171875 0.66953125 0.1 0.10625
0 0.22578125 0.90390625 0.10625 0.128125
0 0.3890625 0.8609375 0.0796875 0.0921875
0 0.5734375 0.5515625 0.0734375 0.0796875
0 0.78203125 0.61171875 0.1078125 0.1109375
0 0.6390625 0.94921875 0.046875 0.0609375
0 0.55234375 0.96640625 0.0640625 0.0625
0 0.5546875 0.91796875 0.03125 0.0328125
0 0.4875 0.9140625 0.0296875 0.046875
0 0.5609375 0.70234375 0.0546875 0.0546875
0 0.58671875 0.6578125 0.053125 0.065625
0 0.3703125 0.4484375 0.05625 0.05625
0 0.3171875 0.315625 0.0765625 0.08125
0 0.43046875 0.23515625 0.078125 0.0546875
0 0.378125 0.09609375 0.071875 0.06875
0 0.265625 0.1125 0.059375 0.0734375
0 0.48671875 0.05703125 0.071875 0.0671875