0 0.12421875 0.42734375 0.2484375 0.4328125
0 0.1578125 0.23984375 0.3046875 0.3046875
0 0.38203125 0.14296875 0.3546875 0.2859375
0 0.6640625 0.18671875 0.5 0.3734375
0 0.70234375 0.34296875 0.328125 0.325
0 0.48671875 0.26640625 0.384375 0.396875
0 0.33125 0.4578125 0.403125 0.4125
0 0.2625 0.7453125 0.3765625 0.3984375
0 0.390625 0.90859375 0.3125 0.1828125
0 0.49765625 0.765625 0.3203125 0.3375
0 0.74140625 0.81015625 0.3421875 0.325
0 0.78203125 0.54609375 0.2921875 0.3046875
0 0.5671875 0.54921875 0.3515625 0.375
0 0.8875 0.35390625 0.225 0.2921875
0 0.91328125 0.53125 0.1734375 0.340625
0 0.87734375 0.73515625 0.2453125 0.2890625
0 0.971875 0.69296875 0.05625 0.2140625