0 0.61875 0.86953125 0.434375 0.2609375
0 0.78984375 0.8109375 0.3078125 0.3140625
0 0.87578125 0.58046875 0.2484375 0.3203125
0 0.81171875 0.2921875 0.3765625 0.465625
0 0.634375 0.28203125 0.30625 0.309375
0 0.73359375 0.4890625 0.3546875 0.3359375
0 0.559375 0.66328125 0.3640625 0.346875
0 0.28046875 0.7625 0.375 0.34375
0 0.096875 0.6578125 0.19375 0.30625
0 0.2359375 0.5296875 0.3078125 0.284375
0 0.16640625 0.29375 0.3109375 0.3328125
0 0.425 0.22421875 0.2953125 0.278125
0 0.44453125 0.43828125 0.375 0.3484375
0 0.60078125 0.10546875 0.2953125 0.2109375
0 0.41484375 0.09375 0.3515625 0.1875
0 0.22421875 0.1328125 0.2765625 0.2609375
0 0.24609375 0.034375 0.1953125 0.06875