0 0.64765625 0.36484375 0.2359375 0.2296875
0 0.8546875 0.5640625 0.2640625 0.253125
0 0.77578125 0.30078125 0.18125 0.1609375
0 0.78125 0.15234375 0.1609375 0.1453125
0 0.584375 0.0390625 0.1375 0.078125
0 0.1734375 0.12265625 0.1140625 0.121875
0 0.24453125 0.04375 0.1234375 0.0875
0 0.4875 0.18828125 0.1796875 0.1640625
0 0.59609375 0.14375 0.1890625 0.178125
0 0.68359375 0.196875 0.1265625 0.121875
0 0.60078125 0.29140625 0.1828125 0.16875
0 0.4390625 0.378125 0.253125 0.2203125
0 0.321875 0.28515625 0.134375 0.1203125
0 0.2171875 0.30703125 0.1484375 0.1359375
0 0.26796875 0.5 0.2140625 0.2
0 0.6265625 0.58515625 0.196875 0.1796875
0 0.70390625 0.7328125 0.18125 0.171875
0 0.5796875 0.80703125 0.2078125 0.196875
0 0.44296875 0.93125 0.2203125 0.1375
0 0.27890625 0.84296875 0.16875 0.1734375
0 0.1203125 0.665625 0.2046875 0.190625
0 0.0796875 0.7796875 0.159375 0.171875
0 0.384375 0.6296875 0.20625 0.2015625
0 0.165625 0.49140625 0.178125 0.175
0 0.08671875 0.45234375 0.13125 0.1359375