0 0.7 0.49453125 0.190625 0.2
0 0.71015625 0.2078125 0.2078125 0.2265625
0 0.83671875 0.4515625 0.1578125 0.1828125
0 0.93359375 0.5546875 0.1328125 0.16875
0 0.8890625 0.78359375 0.1140625 0.1453125
0 0.8140625 0.9421875 0.13125 0.115625
0 0.5265625 0.975 0.10625 0.05
0 0.64453125 0.97890625 0.1140625 0.0421875
0 0.7078125 0.7328125 0.159375 0.178125
0 0.81640625 0.68984375 0.15625 0.1734375
0 0.84296875 0.590625 0.11875 0.1234375
0 0.71796875 0.58046875 0.165625 0.184375
0 0.540625 0.6296875 0.2421875 0.275
0 0.52109375 0.778125 0.134375 0.146875
0 0.43046875 0.83515625 0.121875 0.1375
0 0.33359375 0.6609375 0.178125 0.196875
0 0.53203125 0.35078125 0.2 0.2171875
0 0.48515625 0.19140625 0.1828125 0.1921875
0 0.34453125 0.22421875 0.16875 0.1859375
0 0.13828125 0.20859375 0.175 0.2109375
0 0.10234375 0.40703125 0.1890625 0.184375
0 0.11171875 0.64453125 0.1921875 0.209375
0 0.03828125 0.6 0.0765625 0.1875
0 0.3265625 0.48671875 0.171875 0.1796875
0 0.265625 0.73828125 0.1640625 0.16875
0 0.2359375 0.82109375 0.1390625 0.13125