0 0.890625 0.7390625 0.21875 0.425
0 0.7046875 0.82890625 0.3203125 0.3265625
0 0.47578125 0.83203125 0.3234375 0.3359375
0 0.2328125 0.8109375 0.421875 0.378125
0 0.14375 0.41953125 0.2875 0.6046875
0 0.3171875 0.3265625 0.3984375 0.6046875
0 0.5625 0.29140625 0.2921875 0.5421875
0 0.80625 0.265625 0.3875 0.53125
0 0.74453125 0.58515625 0.2296875 0.3109375
0 0.54375 0.65546875 0.278125 0.3265625
0 0.8453125 0.07265625 0.2 0.1453125
0 0.63203125 0.1015625 0.2609375 0.203125
0 0.4125 0.12890625 0.25 0.2578125
0 0.09921875 0.1546875 0.1984375 0.21875