0 0.03359375 0.48671875 0.0671875 0.1015625
0 0.11171875 0.3953125 0.0453125 0.0828125
0 0.23828125 0.465625 0.0546875 0.059375
0 0.33203125 0.39140625 0.059375 0.065625
0 0.2515625 0.31484375 0.05 0.0546875
0 0.41875 0.06640625 0.05625 0.0796875
0 0.5734375 0.153125 0.059375 0.06875
0 0.584375 0.25625 0.046875 0.0484375
0 0.60234375 0.4421875 0.053125 0.065625
0 0.615625 0.54453125 0.0515625 0.065625
0 0.45 0.734375 0.0578125 0.0703125
0 0.38125 0.81953125 0.065625 0.065625
0 0.3515625 0.92734375 0.05 0.0671875
0 0.22265625 0.9453125 0.0484375 0.0578125
0 0.74765625 0.3515625 0.0375 0.0546875
0 0.575 0.54453125 0.0453125 0.0578125
0 0.6421875 0.6484375 0.04375 0.046875
0 0.58515625 0.78046875 0.0515625 0.0796875
0 0.65859375 0.7734375 0.05 0.0609375
0 0.7484375 0.7171875 0.0375 0.0484375
0 0.8390625 0.4765625 0.0421875 0.0640625
0 0.8046875 0.45546875 0.05625 0.0625
0 0.79140625 0.2546875 0.0296875 0.0390625
0 0.7421875 0.23515625 0.0421875 0.046875
0 0.68984375 0.18828125 0.046875 0.0484375
0 0.7015625 0.12265625 0.040625 0.0484375
0 0.65078125 0.3265625 0.04375 0.0546875
0 0.5765625 0.3984375 0.0453125 0.0671875
0 0.7 0.5796875 0.0578125 0.059375
0 0.75078125 0.565625 0.046875 0.0625
0 0.209375 0.21640625 0.0578125 0.0625
0 0.32734375 0.2390625 0.0515625 0.0578125
0 0.396875 0.41484375 0.06875 0.078125
0 0.38359375 0.515625 0.059375 0.071875
0 0.38671875 0.5703125 0.046875 0.05625