0 0.60078125 0.95625 0.109375 0.0828125
0 0.4921875 0.9015625 0.09375 0.065625
0 0.53046875 0.7625 0.065625 0.0625
0 0.43515625 0.6890625 0.0703125 0.0625
0 0.38046875 0.7859375 0.053125 0.046875
0 0.0984375 0.68359375 0.0875 0.06875
0 0.14609375 0.5125 0.075 0.0671875
0 0.24296875 0.4765625 0.05 0.0484375
0 0.41875 0.41484375 0.06875 0.0609375
0 0.51484375 0.3765625 0.0671875 0.0546875
0 0.73984375 0.49140625 0.078125 0.0703125
0 0.83828125 0.5375 0.0703125 0.0703125
0 0.95078125 0.540625 0.0734375 0.0609375
0 0.98125 0.66171875 0.0375 0.0640625
0 0.29609375 0.2953125 0.0609375 0.046875
0 0.525 0.41640625 0.06875 0.0609375
0 0.609375 0.32578125 0.053125 0.05
0 0.7515625 0.34921875 0.084375 0.0625
0 0.72734375 0.2796875 0.065625 0.0578125
0 0.65078125 0.20625 0.0515625 0.0359375
0 0.3953125 0.1765625 0.06875 0.05
0 0.38359375 0.215625 0.0609375 0.0578125
0 0.19140625 0.2765625 0.04375 0.0375
0 0.184375 0.32890625 0.05 0.0453125
0 0.1515625 0.39140625 0.05 0.0484375
0 0.08515625 0.39609375 0.0546875 0.046875
0 0.2953125 0.39609375 0.05625 0.04375
0 0.3828125 0.45 0.0734375 0.0546875
0 0.52890625 0.28671875 0.065625 0.065625
0 0.503125 0.240625 0.0671875 0.053125
0 0.2953125 0.85 0.0703125 0.0671875
0 0.28828125 0.73046875 0.0609375 0.0546875
0 0.4421875 0.62109375 0.0796875 0.0734375
0 0.54375 0.609375 0.084375 0.0765625
0 0.5953125 0.59296875 0.0703125 0.0625