0 0.4453125 0.0359375 0.103125 0.071875
0 0.36171875 0.12265625 0.0921875 0.0625
0 0.44296875 0.2421875 0.05625 0.0515625
0 0.3765625 0.3421875 0.065625 0.0578125
0 0.29375 0.26875 0.0578125 0.05
0 0.0609375 0.45703125 0.0890625 0.071875
0 0.1609375 0.60390625 0.0703125 0.0609375
0 0.26484375 0.60546875 0.0484375 0.046875
0 0.45078125 0.60703125 0.0671875 0.0578125
0 0.5546875 0.61171875 0.0671875 0.053125
0 0.72890625 0.4296875 0.071875 0.0625
0 0.8078125 0.35390625 0.0671875 0.0671875
0 0.9125 0.31484375 0.06875 0.0515625
0 0.91953125 0.184375 0.0640625 0.053125
0 0.37421875 0.76015625 0.0640625 0.0515625
0 0.55078125 0.57109375 0.0671875 0.0578125
0 0.66015625 0.62890625 0.0453125 0.0421875
0 0.78671875 0.5609375 0.08125 0.0546875
0 0.7859375 0.634375 0.0625 0.0515625
0 0.73828125 0.728125 0.0515625 0.0390625
0 0.50625 0.83984375 0.0703125 0.053125
0 0.48203125 0.80703125 0.06875 0.0640625
0 0.28125 0.81171875 0.040625 0.034375
0 0.25703125 0.76484375 0.0484375 0.04375
0 0.20625 0.71640625 0.0484375 0.046875
0 0.14140625 0.73359375 0.05625 0.05
0 0.33984375 0.665625 0.0609375 0.0515625
0 0.40546875 0.58515625 0.06875 0.046875
0 0.59609375 0.6921875 0.059375 0.05625
0 0.5875 0.74453125 0.0640625 0.0453125
0 0.1921875 0.2359375 0.0609375 0.05625
0 0.225 0.35078125 0.059375 0.05
0 0.40625 0.4046875 0.084375 0.078125
0 0.50546875 0.3828125 0.078125 0.06875
0 0.56015625 0.38125 0.0640625 0.0546875