0 0.0984375 0.2578125 0.153125 0.14375
0 0.11953125 0.40390625 0.15 0.13125
0 0.278125 0.21171875 0.1171875 0.125
0 0.31484375 0.3296875 0.1234375 0.1125
0 0.3265625 0.41796875 0.1265625 0.1
0 0.5203125 0.17265625 0.1046875 0.0953125
0 0.521875 0.240625 0.121875 0.11875
0 0.55390625 0.31171875 0.128125 0.09375
0 0.69296875 0.19296875 0.121875 0.109375
0 0.71953125 0.28203125 0.121875 0.109375
0 0.68984375 0.3734375 0.134375 0.1234375
0 0.8625 0.14921875 0.18125 0.1390625
0 0.87578125 0.22890625 0.1140625 0.0953125
0 0.87890625 0.31328125 0.1234375 0.13125
0 0.8796875 0.39609375 0.11875 0.1
0 0.821875 0.4390625 0.1203125 0.1109375
0 0.21015625 0.56328125 0.06875 0.053125
0 0.25 0.653125 0.078125 0.0625
0 0.32734375 0.55390625 0.090625 0.090625
0 0.3546875 0.62578125 0.0828125 0.0671875
0 0.41875 0.52578125 0.08125 0.0765625
0 0.52578125 0.39609375 0.078125 0.0640625
0 0.69296875 0.45859375 0.1390625 0.1078125