0 0.8609375 0.24296875 0.1140625 0.1234375
0 0.80859375 0.02890625 0.0890625 0.0578125
0 0.78125 0.275 0.1171875 0.1234375
0 0.84453125 0.3390625 0.1046875 0.1140625
0 0.9109375 0.33046875 0.096875 0.096875
0 0.96640625 0.52109375 0.0671875 0.0921875
0 0.9859375 0.63046875 0.028125 0.1265625
0 0.86484375 0.5140625 0.096875 0.1109375
0 0.84140625 0.4328125 0.1140625 0.11875
0 0.7453125 0.43671875 0.0953125 0.1015625
0 0.78203125 0.58046875 0.0921875 0.1078125
0 0.81796875 0.74375 0.0875 0.1078125
0 0.96640625 0.796875 0.0671875 0.13125
0 0.8609375 0.86015625 0.1015625 0.0984375
0 0.67734375 0.5703125 0.0796875 0.078125
0 0.653125 0.4890625 0.0890625 0.103125
0 0.4828125 0.58125 0.08125 0.078125
0 0.45859375 0.5375 0.078125 0.0765625
0 0.43203125 0.49296875 0.06875 0.078125
0 0.37421875 0.54296875 0.0765625 0.0796875
0 0.30625 0.57265625 0.0609375 0.0609375
0 0.309375 0.659375 0.059375 0.0609375
0 0.396875 0.665625 0.0609375 0.0546875
0 0.38671875 0.5953125 0.0703125 0.071875
0 0.43046875 0.92734375 0.0890625 0.10625
0 0.49375 0.875 0.0734375 0.0859375
0 0.596875 0.8703125 0.0796875 0.075
0 0.5734375 0.80625 0.0671875 0.075
0 0.64375 0.740625 0.0734375 0.0859375
0 0.60546875 0.0078125 0.0546875 0.015625
0 0.54140625 0.025 0.0734375 0.05
0 0.48046875 0.028125 0.0609375 0.05625
0 0.51328125 0.28515625 0.0640625 0.0609375
0 0.2859375 0.459375 0.0703125 0.0765625
0 0.2625 0.384375 0.0609375 0.065625
0 0.34296875 0.43359375 0.071875 0.0875
0 0.31640625 0.34921875 0.065625 0.06875
0 0.37734375 0.30546875 0.046875 0.0484375
0 0.5078125 0.46015625 0.059375 0.0765625
0 0.50859375 0.65390625 0.0953125 0.103125
0 0.4875 0.81796875 0.0796875 0.084375
0 0.55078125 0.75625 0.0625 0.065625
0 0.62734375 0.94921875 0.084375 0.0859375
0 0.665625 0.8015625 0.09375 0.0953125
0 0.71796875 0.884375 0.0796875 0.0796875
0 0.27578125 0.221875 0.046875 0.0453125
0 0.25703125 0.18515625 0.0421875 0.04375
0 0.24765625 0.296875 0.046875 0.053125
0 0.33203125 0.18671875 0.0453125 0.0484375