0 0.46484375 0.9421875 0.1234375 0.1140625
0 0.49140625 0.86015625 0.121875 0.1125
0 0.40234375 0.8671875 0.109375 0.1015625
0 0.365625 0.92421875 0.096875 0.096875
0 0.17734375 0.85078125 0.096875 0.090625
0 0.06328125 0.81953125 0.1265625 0.1109375
0 0.2546875 0.7703125 0.1140625 0.0984375
0 0.33203125 0.8046875 0.1109375 0.10625
0 0.390625 0.72890625 0.0984375 0.09375
0 0.25703125 0.6640625 0.109375 0.096875
0 0.109375 0.5875 0.1140625 0.0984375
0 0.0203125 0.54453125 0.040625 0.1015625
0 0.33203125 0.59140625 0.0765625 0.0765625
0 0.41015625 0.62421875 0.1015625 0.0859375
0 0.44921875 0.43515625 0.078125 0.08125
0 0.49765625 0.44453125 0.0796875 0.0796875
0 0.54921875 0.45234375 0.075 0.0640625
0 0.54765625 0.37578125 0.075 0.071875
0 0.56875 0.3046875 0.071875 0.071875
0 0.50078125 0.2515625 0.0546875 0.05
0 0.43984375 0.3140625 0.0609375 0.065625
0 0.5 0.35234375 0.0671875 0.0625
0 0.2171875 0.171875 0.10625 0.0890625
0 0.1375 0.12109375 0.075 0.071875
0 0.2171875 0.25390625 0.090625 0.0796875
0 0.15390625 0.3359375 0.075 0.078125
0 0.21875 0.359375 0.075 0.0671875
0 0.2234375 0.45625 0.0796875 0.065625
0 0.825 0.91171875 0.0546875 0.0484375
0 0.846875 0.846875 0.0734375 0.06875
0 0.8765625 0.79140625 0.0609375 0.053125
0 0.65625 0.6484375 0.0609375 0.0640625
0 0.66875 0.36171875 0.0734375 0.0671875
0 0.74140625 0.3921875 0.065625 0.0625
0 0.65234375 0.42265625 0.0859375 0.0703125
0 0.73359375 0.45625 0.06875 0.065625
0 0.728125 0.53125 0.053125 0.0515625
0 0.525 0.53125 0.0796875 0.0640625
0 0.3765625 0.4078125 0.0984375 0.0890625
0 0.2640625 0.2859375 0.084375 0.0796875
0 0.2703125 0.37421875 0.0671875 0.065625
0 0.07421875 0.309375 0.0859375 0.084375
0 0.1625 0.4328125 0.0875 0.0859375
0 0.065625 0.41953125 0.0796875 0.0796875
0 0.8578125 0.50703125 0.0484375 0.05
0 0.896875 0.51640625 0.0390625 0.0390625
0 0.81796875 0.43671875 0.05625 0.0515625
0 0.84765625 0.57265625 0.04375 0.0421875