0 0.85390625 0.10234375 0.2109375 0.2046875
0 0.66484375 0.12890625 0.2515625 0.2578125
0 0.49375 0.12265625 0.175 0.2453125
0 0.35703125 0.12578125 0.2078125 0.2421875
0 0.2 0.2015625 0.1890625 0.3421875
0 0.1109375 0.4640625 0.221875 0.425
0 0.13984375 0.8046875 0.2515625 0.390625
0 0.30703125 0.6921875 0.4265625 0.615625
0 0.365625 0.35625 0.2625 0.40625
0 0.5390625 0.3265625 0.2609375 0.334375
0 0.76953125 0.2875 0.2265625 0.2578125
0 0.91953125 0.275 0.134375 0.21875
0 0.909375 0.58359375 0.18125 0.4484375
0 0.7890625 0.634375 0.3296875 0.503125
0 0.56015625 0.690625 0.3171875 0.525
0 0.51171875 0.90859375 0.2609375 0.1828125
0 0.74375 0.89140625 0.2703125 0.1890625
0 0.93515625 0.853125 0.1296875 0.190625