0 0.93828125 0.6671875 0.1234375 0.28125
0 0.8734375 0.5078125 0.253125 0.3375
0 0.8515625 0.35078125 0.284375 0.2515625
0 0.79453125 0.22578125 0.26875 0.25
0 0.6625 0.1375 0.378125 0.275
0 0.3796875 0.146875 0.44375 0.29375
0 0.1375 0.28671875 0.275 0.3671875
0 0.27734375 0.396875 0.5546875 0.509375
0 0.5828125 0.32109375 0.4015625 0.3265625
0 0.675 0.47109375 0.3546875 0.31875
0 0.79765625 0.6703125 0.3 0.2875
0 0.86484375 0.8015625 0.2390625 0.203125
0 0.58828125 0.88203125 0.4515625 0.2359375
0 0.4828125 0.80390625 0.50625 0.3921875
0 0.34609375 0.6265625 0.5546875 0.4640625
0 0.1234375 0.66875 0.246875 0.290625
0 0.2234375 0.865625 0.25 0.26875
0 0.346875 0.9765625 0.228125 0.046875