0 0.6203125 0.12578125 0.425 0.2515625
0 0.2828125 0.1609375 0.45 0.3171875
0 0.6078125 0.340625 0.4015625 0.3234375
0 0.8140625 0.50078125 0.2578125 0.3171875
0 0.6875 0.94375 0.275 0.1125
0 0.75625 0.796875 0.25625 0.3015625
0 0.58125 0.57578125 0.4046875 0.3125
0 0.3390625 0.403125 0.321875 0.278125
0 0.2453125 0.575 0.3375 0.3
0 0.49296875 0.7609375 0.3828125 0.2984375
0 0.4140625 0.88828125 0.371875 0.2234375
0 0.11171875 0.86640625 0.2234375 0.1609375
0 0.15703125 0.71953125 0.3140625 0.3109375
0 0.10234375 0.49296875 0.2046875 0.2359375
0 0.15078125 0.3296875 0.2046875 0.1859375