0 0.4953125 0.8796875 0.43125 0.240625
0 0.7921875 0.7609375 0.415625 0.3
0 0.44296875 0.68359375 0.3703125 0.2609375
0 0.2 0.59140625 0.23125 0.3015625
0 0.1796875 0.09453125 0.2625 0.1578125
0 0.16796875 0.29140625 0.246875 0.29375
0 0.4 0.4515625 0.3921875 0.296875
0 0.68203125 0.54609375 0.3015625 0.2515625
0 0.721875 0.35390625 0.284375 0.225
0 0.43046875 0.2484375 0.3828125 0.3
0 0.46328125 0.08359375 0.3390625 0.1671875
0 0.778125 0.05390625 0.25 0.1078125
0 0.79765625 0.178125 0.3625 0.278125
0 0.8984375 0.38515625 0.2015625 0.196875
0 0.88359375 0.5609375 0.1921875 0.171875