0 0.82890625 0.359375 0.3421875 0.478125
0 0.62734375 0.17421875 0.3828125 0.3484375
0 0.69140625 0.48359375 0.321875 0.384375
0 0.696875 0.74375 0.359375 0.328125
0 0.2421875 0.903125 0.234375 0.19375
0 0.43125 0.865625 0.33125 0.26875
0 0.4921875 0.6109375 0.3953125 0.44375
0 0.47421875 0.3140625 0.3359375 0.359375
0 0.28125 0.34921875 0.325 0.35
0 0.29296875 0.659375 0.415625 0.4515625
0 0.1359375 0.68984375 0.271875 0.3703125
0 0.04375 0.4125 0.0875 0.28125
0 0.13515625 0.34375 0.2703125 0.40625
0 0.2453125 0.17578125 0.259375 0.2578125
0 0.4125 0.121875 0.21875 0.2296875