0 0.6671875 0.31328125 0.2234375 0.16875
0 0.88203125 0.56328125 0.1484375 0.159375
0 0.7265625 0.61484375 0.21875 0.1421875
0 0.70234375 0.47421875 0.2171875 0.15625
0 0.79140625 0.27421875 0.1578125 0.14375
0 0.58515625 0.209375 0.2078125 0.171875
0 0.4703125 0.30234375 0.1828125 0.1796875
0 0.325 0.2234375 0.265625 0.1640625
0 0.26484375 0.32734375 0.2859375 0.1796875
0 0.25546875 0.46953125 0.275 0.1734375
0 0.26015625 0.61640625 0.2390625 0.1640625
0 0.44375 0.559375 0.2765625 0.1734375
0 0.5 0.42734375 0.3046875 0.1859375
0 0.41328125 0.69453125 0.26875 0.1796875
0 0.50859375 0.73515625 0.225 0.13125
0 0.57421875 0.81640625 0.19375 0.1671875
0 0.72734375 0.715625 0.2046875 0.1390625