0 0.1765625 0.3890625 0.1234375 0.128125
0 0.2046875 0.475 0.0421875 0.059375
0 0.35078125 0.50859375 0.06875 0.0796875
0 0.38515625 0.46953125 0.078125 0.0828125
0 0.32890625 0.690625 0.059375 0.0796875
0 0.41484375 0.60390625 0.06875 0.0765625
0 0.46875 0.496875 0.0578125 0.0640625
0 0.47421875 0.56171875 0.08125 0.0921875
0 0.6015625 0.54765625 0.0765625 0.0828125
0 0.6515625 0.4953125 0.065625 0.071875
0 0.62890625 0.2875 0.065625 0.065625
0 0.21796875 0.65625 0.0515625 0.0546875
0 0.5484375 0.6765625 0.071875 0.0796875
0 0.75390625 0.40625 0.0375 0.0515625