0 0.3453125 0.92890625 0.1625 0.1421875
0 0.484375 0.96171875 0.1375 0.0765625
0 0.46640625 0.8140625 0.165625 0.15
0 0.23046875 0.69765625 0.1796875 0.171875
0 0.3 0.50234375 0.14375 0.115625
0 0.2265625 0.45625 0.1265625 0.1109375
0 0.15703125 0.32421875 0.1578125 0.15
0 0.18984375 0.17265625 0.18125 0.153125
0 0.3734375 0.278125 0.1328125 0.1265625
0 0.44765625 0.2109375 0.1578125 0.1421875
0 0.38359375 0.0546875 0.1484375 0.109375
0 0.52421875 0.54609375 0.1453125 0.1484375
0 0.6734375 0.9296875 0.15 0.1140625
0 0.67421875 0.7 0.140625 0.1375
0 0.70625 0.584375 0.0921875 0.0890625
0 0.83359375 0.58515625 0.1015625 0.0984375
0 0.8625 0.6703125 0.1109375 0.1078125
0 0.50703125 0.34609375 0.171875 0.159375
0 0.58046875 0.18203125 0.1078125 0.1
0 0.6609375 0.28515625 0.078125 0.084375
0 0.61015625 0.64453125 0.08125 0.0640625
0 0.4453125 0.63828125 0.13125 0.1234375