0 0.7046875 0.0875 0.15625 0.165625
0 0.8390625 0.1515625 0.1296875 0.1421875
0 0.70234375 0.2578125 0.14375 0.1578125
0 0.4546875 0.16875 0.1953125 0.2015625
0 0.36328125 0.3546875 0.1453125 0.1640625
0 0.278125 0.33359375 0.1265625 0.1375
0 0.13515625 0.375 0.16875 0.175
0 0.06484375 0.503125 0.1296875 0.184375
0 0.25234375 0.5625 0.121875 0.1296875
0 0.25546875 0.66328125 0.146875 0.1578125
0 0.09765625 0.728125 0.125 0.15
0 0.55 0.48515625 0.1609375 0.1578125
0 0.9265625 0.328125 0.13125 0.1578125
0 0.76484375 0.4859375 0.1625 0.1640625
0 0.70390625 0.5890625 0.1015625 0.103125
0 0.79296875 0.68046875 0.09375 0.096875
0 0.87421875 0.64296875 0.1046875 0.1078125
0 0.39453125 0.61171875 0.159375 0.16875
0 0.32734375 0.77890625 0.115625 0.1203125
0 0.45703125 0.76484375 0.0890625 0.0859375
0 0.68046875 0.47890625 0.0796875 0.090625
0 0.5609375 0.36484375 0.13125 0.1375