0 0.06171875 0.69609375 0.1234375 0.2671875
0 0.11953125 0.53203125 0.2390625 0.3453125
0 0.16640625 0.32734375 0.3203125 0.30625
0 0.290625 0.15390625 0.353125 0.2921875
0 0.26015625 0.84765625 0.4078125 0.3046875
0 0.384375 0.07421875 0.38125 0.1484375
0 0.32890625 0.68046875 0.415625 0.346875
0 0.42421875 0.5125 0.40625 0.3484375
0 0.52109375 0.34296875 0.4359375 0.375
0 0.61328125 0.1796875 0.3859375 0.334375
0 0.5125 0.9625 0.25 0.075
0 0.57734375 0.8703125 0.3578125 0.259375
0 0.678125 0.75390625 0.3625 0.3109375
0 0.753125 0.584375 0.3359375 0.3046875
0 0.8265625 0.428125 0.346875 0.284375
0 0.865625 0.26171875 0.26875 0.3234375
0 0.86328125 0.7515625 0.1859375 0.20625
0 0.91640625 0.58515625 0.1671875 0.2359375
0 0.97265625 0.4234375 0.0546875 0.203125
0 0.79140625 0.90390625 0.1765625 0.1921875
0 0.6828125 0.96328125 0.240625 0.0734375