0 0.68828125 0.19140625 0.1703125 0.29375
0 0.53203125 0.2390625 0.209375 0.346875
0 0.34140625 0.14921875 0.19375 0.253125
0 0.83828125 0.24453125 0.1671875 0.259375
0 0.81875 0.5125 0.1421875 0.221875
0 0.93125 0.77421875 0.1375 0.2765625
0 0.771875 0.83671875 0.290625 0.309375
0 0.4890625 0.83125 0.275 0.3375
0 0.18125 0.91796875 0.2 0.1640625
0 0.0828125 0.69609375 0.1609375 0.3078125
0 0.16328125 0.5140625 0.2671875 0.3359375
0 0.31953125 0.73515625 0.2359375 0.3625
0 0.10078125 0.296875 0.2015625 0.25
0 0.340625 0.365625 0.1671875 0.2203125
0 0.825 0.07890625 0.18125 0.1578125