0 0.22109375 0.17734375 0.16875 0.140625
0 0.2390625 0.0953125 0.1484375 0.1265625
0 0.359375 0.078125 0.1296875 0.1171875
0 0.35546875 0.1609375 0.146875 0.134375
0 0.29296875 0.26328125 0.1703125 0.13125
0 0.16953125 0.4046875 0.1375 0.1421875
0 0.12734375 0.58125 0.153125 0.1265625
0 0.2671875 0.39921875 0.13125 0.1421875
0 0.4390625 0.19765625 0.1140625 0.1
0 0.42109375 0.321875 0.1515625 0.1171875
0 0.09140625 0.7609375 0.1828125 0.1375
0 0.1140625 0.67578125 0.159375 0.090625
0 0.3328125 0.66484375 0.1921875 0.1328125
0 0.27890625 0.58515625 0.121875 0.1
0 0.33671875 0.50234375 0.159375 0.1015625
0 0.3984375 0.428125 0.15 0.128125
0 0.57421875 0.35703125 0.1375 0.10625
0 0.5359375 0.43359375 0.1390625 0.1328125
0 0.484375 0.5359375 0.1171875 0.0984375
0 0.40234375 0.59453125 0.11875 0.0875
0 0.3640625 0.778125 0.1265625 0.1171875
0 0.49296875 0.83828125 0.1140625 0.10625
0 0.09921875 0.859375 0.1359375 0.0890625
0 0.46875 0.7484375 0.13125 0.0921875
0 0.596875 0.67265625 0.1484375 0.0953125
0 0.61484375 0.5953125 0.1484375 0.1046875
0 0.6578125 0.4890625 0.1625 0.1234375
0 0.79375 0.4 0.1421875 0.090625
0 0.6578125 0.22265625 0.1 0.1171875
0 0.60546875 0.259375 0.0796875 0.0671875
0 0.55 0.1671875 0.0921875 0.0859375
0 0.60859375 0.76875 0.1515625 0.11875
0 0.70625 0.7203125 0.1265625 0.1171875
0 0.7359375 0.5921875 0.10625 0.0859375
0 0.6765625 0.81640625 0.1 0.0828125