0 0.76015625 0.8421875 0.275 0.3078125
0 0.50390625 0.75390625 0.19375 0.228125
0 0.12578125 0.70078125 0.221875 0.3046875
0 0.3046875 0.6796875 0.2421875 0.2671875
0 0.44453125 0.575 0.19375 0.2328125
0 0.10625 0.47578125 0.2125 0.2671875
0 0.29609375 0.47109375 0.2375 0.253125
0 0.45390625 0.3796875 0.2046875 0.2515625
0 0.61171875 0.55859375 0.2484375 0.296875
0 0.73828125 0.61171875 0.184375 0.23125
0 0.4765625 0.92578125 0.1875 0.1484375
0 0.634375 0.9453125 0.1875 0.109375
0 0.90703125 0.69453125 0.1515625 0.1890625
0 0.87734375 0.5359375 0.1890625 0.209375
0 0.84296875 0.37734375 0.2 0.2421875
0 0.94453125 0.46015625 0.1109375 0.2515625
0 0.88359375 0.2015625 0.2015625 0.215625
0 0.575 0.2203125 0.2109375 0.2203125
0 0.60234375 0.38125 0.203125 0.2203125
0 0.7515625 0.45 0.15 0.175
0 0.23515625 0.29375 0.259375 0.278125
0 0.39140625 0.13046875 0.16875 0.1828125
0 0.53125 0.0828125 0.1578125 0.15
0 0.0265625 0.5796875 0.053125 0.2375
0 0.1296875 0.24453125 0.2140625 0.2953125