0 0.203125 0.07734375 0.0859375 0.1046875
0 0.19296875 0.01328125 0.1015625 0.0265625
0 0.271875 0.05 0.109375 0.1
0 0.28828125 0.2109375 0.10625 0.1140625
0 0.33125 0.30390625 0.0875 0.096875
0 0.36484375 0.2046875 0.0875 0.1015625
0 0.41484375 0.11171875 0.0859375 0.103125
0 0.1375 0.5140625 0.0953125 0.09375
0 0.12109375 0.63125 0.0796875 0.0859375
0 0.0796875 0.71875 0.0796875 0.084375
0 0.28828125 0.5296875 0.075 0.0953125
0 0.3515625 0.46015625 0.071875 0.0703125
0 0.21875 0.42578125 0.0828125 0.1015625
0 0.23828125 0.52578125 0.0484375 0.0625
0 0.33828125 0.70625 0.0671875 0.0671875
0 0.38359375 0.61796875 0.0703125 0.090625
0 0.44765625 0.2078125 0.0703125 0.0734375
0 0.55859375 0.18046875 0.05 0.0609375
0 0.49296875 0.1734375 0.06875 0.0828125
0 0.38671875 0.028125 0.0828125 0.05625
0 0.31484375 0.81484375 0.0765625 0.075
0 0.36328125 0.94140625 0.0578125 0.06875
0 0.4359375 0.96796875 0.05625 0.0640625
0 0.246875 0.8359375 0.06875 0.0671875
0 0.26328125 0.69296875 0.08125 0.08125
0 0.2171875 0.6578125 0.0796875 0.06875
0 0.0640625 0.803125 0.0953125 0.0796875
0 0.02109375 0.76328125 0.0421875 0.1015625
0 0.01484375 0.6390625 0.0296875 0.1125
0 0.03359375 0.4546875 0.0671875 0.121875
0 0.3578125 0.55625 0.1 0.1015625
0 0.2828125 0.62578125 0.078125 0.0859375
0 0.47265625 0.62734375 0.059375 0.0640625
0 0.478125 0.38046875 0.065625 0.065625
0 0.61796875 0.1453125 0.0421875 0.046875
0 0.6703125 0.15078125 0.04375 0.0546875
0 0.57265625 0.36484375 0.0421875 0.046875
0 0.60859375 0.46484375 0.034375 0.05
0 0.5234375 0.5 0.0734375 0.0703125
0 0.48984375 0.7921875 0.0359375 0.046875
0 0.43125 0.746875 0.04375 0.0421875
0 0.5125 0.65234375 0.0375 0.0390625
0 0.4375 0.8984375 0.0484375 0.0546875
0 0.19296875 0.25234375 0.0765625 0.075