0 0.69296875 0.03984375 0.1046875 0.0796875
0 0.61953125 0.03046875 0.1109375 0.0609375
0 0.64140625 0.1703125 0.10625 0.1125
0 0.6203125 0.2703125 0.1046875 0.1109375
0 0.565625 0.18125 0.090625 0.1015625
0 0.49609375 0.103125 0.084375 0.0984375
0 0.85625 0.43203125 0.1125 0.1109375
0 0.8984375 0.54296875 0.09375 0.096875
0 0.95859375 0.61875 0.08125 0.0859375
0 0.7125 0.48125 0.0890625 0.1015625
0 0.63515625 0.428125 0.0859375 0.084375
0 0.7578125 0.3640625 0.0921875 0.1046875
0 0.7609375 0.46640625 0.059375 0.0671875
0 0.70390625 0.6640625 0.0875 0.0875
0 0.63984375 0.5890625 0.0734375 0.090625
0 0.48515625 0.20390625 0.08125 0.0828125
0 0.37109375 0.2015625 0.053125 0.0625
0 0.43359375 0.18046875 0.08125 0.0890625
0 0.5 0.0234375 0.090625 0.046875
0 0.75078125 0.76484375 0.0875 0.084375
0 0.7328125 0.89921875 0.0734375 0.078125
0 0.6671875 0.9421875 0.071875 0.0734375
0 0.82265625 0.7703125 0.071875 0.071875
0 0.77421875 0.63515625 0.084375 0.084375
0 0.8109375 0.590625 0.0859375 0.0796875
0 0.96953125 0.696875 0.0609375 0.1
0 0.94921875 0.35078125 0.1015625 0.1265625
0 0.65078125 0.52265625 0.109375 0.1109375
0 0.73984375 0.5734375 0.0984375 0.103125
0 0.55546875 0.61796875 0.065625 0.0671875
0 0.49453125 0.37890625 0.06875 0.0703125
0 0.30546875 0.18125 0.053125 0.05625
0 0.25546875 0.19765625 0.0515625 0.0578125
0 0.3984375 0.384375 0.046875 0.05
0 0.3859375 0.490625 0.0484375 0.05625
0 0.47734375 0.50546875 0.0859375 0.084375
0 0.57578125 0.7828125 0.0453125 0.0515625
0 0.621875 0.725 0.046875 0.0453125
0 0.521875 0.65078125 0.0390625 0.040625
0 0.65 0.87421875 0.0546875 0.059375
0 0.74296875 0.18984375 0.090625 0.090625