0 0.3328125 0.9265625 0.259375 0.146875
0 0.59609375 0.7984375 0.2625 0.26875
0 0.89453125 0.734375 0.2109375 0.16875
0 0.88359375 0.85390625 0.2328125 0.1890625
0 0.40234375 0.75078125 0.2421875 0.2015625
0 0.82109375 0.58203125 0.2546875 0.21875
0 0.51875 0.51015625 0.2890625 0.234375
0 0.58359375 0.25703125 0.1765625 0.1453125
0 0.459375 0.19921875 0.146875 0.1265625
0 0.54609375 0.071875 0.1578125 0.0984375
0 0.35078125 0.16171875 0.1265625 0.09375
0 0.4125 0.03515625 0.153125 0.0703125
0 0.19765625 0.53515625 0.196875 0.1453125
0 0.31484375 0.365625 0.146875 0.125
0 0.45625 0.37109375 0.1734375 0.1265625
0 0.6609375 0.3421875 0.15 0.115625
0 0.8046875 0.31328125 0.128125 0.1109375
0 0.85703125 0.42578125 0.1421875 0.1015625
0 0.92890625 0.46953125 0.128125 0.0953125
0 0.10078125 0.80703125 0.1 0.065625
0 0.10390625 0.67734375 0.1609375 0.090625
0 0.0625 0.61796875 0.1109375 0.1015625
0 0.08203125 0.48046875 0.1640625 0.1484375
0 0.18359375 0.3984375 0.1359375 0.0984375
0 0.228125 0.26328125 0.1203125 0.1015625
0 0.2328125 0.1296875 0.1125 0.078125
0 0.78359375 0.240625 0.1296875 0.103125
0 0.68828125 0.21171875 0.128125 0.0890625