0 0.2515625 0.115625 0.26875 0.23125
0 0.2078125 0.38671875 0.3421875 0.3390625
0 0.08515625 0.6609375 0.1703125 0.234375
0 0.0328125 0.5984375 0.065625 0.296875
0 0.36640625 0.26640625 0.2703125 0.2890625
0 0.234375 0.69765625 0.271875 0.2890625
0 0.4796875 0.50859375 0.2609375 0.2984375
0 0.63671875 0.71796875 0.1765625 0.19375
0 0.759375 0.6578125 0.165625 0.175
0 0.80390625 0.80546875 0.159375 0.1828125
0 0.85703125 0.596875 0.1234375 0.140625
0 0.9203125 0.72734375 0.10625 0.15
0 0.6625 0.24296875 0.1765625 0.20625
0 0.72109375 0.440625 0.1328125 0.1484375
0 0.62734375 0.54765625 0.1734375 0.1953125
0 0.52109375 0.725 0.13125 0.153125
0 0.45390625 0.85390625 0.125 0.1359375
0 0.3328125 0.82421875 0.1375 0.1578125
0 0.25390625 0.85234375 0.1125 0.1328125
0 0.51171875 0.025 0.0890625 0.05
0 0.6109375 0.08125 0.128125 0.1625
0 0.6828125 0.0859375 0.1125 0.1203125
0 0.78203125 0.18203125 0.1484375 0.1703125
0 0.778125 0.31796875 0.1109375 0.1375
0 0.85546875 0.43828125 0.128125 0.1375
0 0.9484375 0.52578125 0.103125 0.1328125
0 0.52265625 0.88359375 0.115625 0.134375
0 0.60546875 0.828125 0.1109375 0.1328125