0 0.59609375 0.878125 0.4015625 0.24375
0 0.25078125 0.8640625 0.4171875 0.2703125
0 0.29453125 0.68984375 0.5890625 0.4578125
0 0.17109375 0.43203125 0.3421875 0.3140625
0 0.08828125 0.6453125 0.1765625 0.325
0 0.4828125 0.5015625 0.4234375 0.35625
0 0.76015625 0.70078125 0.421875 0.440625
0 0.678125 0.38515625 0.5 0.453125
0 0.78671875 0.22421875 0.4265625 0.3953125
0 0.47265625 0.12265625 0.4296875 0.2453125
0 0.28671875 0.225 0.4625 0.35625
0 0.23828125 0.0484375 0.2109375 0.096875
0 0.9015625 0.4734375 0.196875 0.340625