0 0.6484375 0.8765625 0.3875 0.246875
0 0.30078125 0.8734375 0.4328125 0.253125
0 0.31015625 0.71484375 0.6046875 0.4265625
0 0.17421875 0.475 0.3484375 0.3375
0 0.09375 0.7015625 0.1875 0.309375
0 0.4828125 0.503125 0.4375 0.3625
0 0.7828125 0.66796875 0.390625 0.415625
0 0.6625 0.3640625 0.475 0.4171875
0 0.7734375 0.1859375 0.453125 0.35
0 0.41953125 0.12421875 0.4265625 0.2484375
0 0.2546875 0.253125 0.4546875 0.3296875
0 0.171875 0.0578125 0.178125 0.115625
0 0.90546875 0.4203125 0.1890625 0.328125