0 0.209375 0.64609375 0.08125 0.0734375
0 0.28046875 0.7453125 0.053125 0.0625
0 0.31796875 0.8296875 0.059375 0.0578125
0 0.3625 0.871875 0.0640625 0.0578125
0 0.46796875 0.78046875 0.0671875 0.075
0 0.50234375 0.72734375 0.0640625 0.065625
0 0.56875 0.7453125 0.0640625 0.0671875
0 0.628125 0.43828125 0.0765625 0.084375
0 0.7046875 0.4 0.0421875 0.0453125
0 0.7578125 0.43203125 0.0734375 0.078125
0 0.81328125 0.4109375 0.0515625 0.0578125
0 0.75 0.48515625 0.078125 0.0828125
0 0.85078125 0.56640625 0.0796875 0.0859375
0 0.03046875 0.646875 0.0515625 0.0546875