0 0.53359375 0.63984375 0.0609375 0.096875
0 0.2875 0.7671875 0.0796875 0.09375
0 0.371875 0.56328125 0.0609375 0.06875
0 0.2875 0.58359375 0.0625 0.0796875
0 0.225 0.553125 0.05625 0.0703125
0 0.09140625 0.68203125 0.05625 0.053125
0 0.09140625 0.63515625 0.0375 0.05
0 0.0859375 0.5875 0.05 0.0609375
0 0.57265625 0.5328125 0.071875 0.075
0 0.57421875 0.484375 0.04375 0.0390625
0 0.42109375 0.50546875 0.071875 0.0765625
0 0.3859375 0.415625 0.0453125 0.059375
0 0.6796875 0.590625 0.04375 0.0484375
0 0.6828125 0.5546875 0.0328125 0.040625
0 0.67578125 0.5203125 0.03125 0.0359375