0 0.575 0.62265625 0.0984375 0.1125
0 0.38046875 0.8203125 0.1015625 0.109375
0 0.39765625 0.6 0.075 0.0796875
0 0.32421875 0.6453125 0.0796875 0.0890625
0 0.2546875 0.63515625 0.0625 0.071875
0 0.16796875 0.79921875 0.065625 0.065625
0 0.153125 0.75546875 0.046875 0.0546875
0 0.13359375 0.7109375 0.065625 0.071875
0 0.57890625 0.50859375 0.08125 0.084375
0 0.565625 0.46171875 0.0546875 0.0515625
0 0.4265625 0.5296875 0.0734375 0.078125
0 0.36484375 0.45546875 0.05 0.0609375
0 0.69921875 0.53046875 0.05 0.053125
0 0.690625 0.4953125 0.034375 0.040625
0 0.6734375 0.46484375 0.0375 0.040625