0 0.38515625 0.90703125 0.2046875 0.1859375
0 0.8109375 0.8 0.16875 0.1953125
0 0.690625 0.6390625 0.115625 0.1390625
0 0.759375 0.60390625 0.0984375 0.109375
0 0.88046875 0.5546875 0.1296875 0.13125
0 0.94765625 0.4859375 0.1046875 0.11875
0 0.3203125 0.1796875 0.0484375 0.0484375
0 0.42265625 0.31796875 0.04375 0.0515625
0 0.3953125 0.44296875 0.05 0.0421875
0 0.8359375 0.0890625 0.0625 0.06875
0 0.803125 0.1203125 0.0484375 0.0609375
0 0.66640625 0.2453125 0.0421875 0.0515625
0 0.809375 0.29296875 0.0578125 0.053125
0 0.1359375 0.77109375 0.078125 0.0828125
0 0.6875 0.9296875 0.1140625 0.09375
0 0.6359375 0.36953125 0.05 0.05
0 0.20703125 0.325 0.0625 0.0703125
0 0.11171875 0.4359375 0.0390625 0.0453125
0 0.23125 0.2203125 0.0421875 0.0515625