0 0.884375 0.72109375 0.23125 0.2796875
0 0.49921875 0.9125 0.1984375 0.175
0 0.46796875 0.73359375 0.1265625 0.14375
0 0.39453125 0.75859375 0.1109375 0.1171875
0 0.275 0.81171875 0.1359375 0.1375
0 0.17265625 0.81953125 0.13125 0.1296875
0 0.39453125 0.1484375 0.0578125 0.059375
0 0.42265625 0.31796875 0.0484375 0.0515625
0 0.53203125 0.38515625 0.0515625 0.0484375
0 0.02265625 0.45390625 0.0453125 0.0640625
0 0.2015625 0.44296875 0.046875 0.053125
0 0.1359375 0.578125 0.0671875 0.0640625
0 0.94765625 0.4265625 0.0875 0.090625
0 0.67734375 0.9328125 0.121875 0.109375
0 0.31171875 0.50703125 0.0578125 0.059375
0 0.57734375 0.16796875 0.065625 0.071875
0 0.7234375 0.17578125 0.040625 0.04375
0 0.48515625 0.1125 0.0484375 0.053125