0 0.20625 0.78359375 0.3046875 0.3609375
0 0.42109375 0.7921875 0.3296875 0.359375
0 0.2984375 0.54921875 0.309375 0.3296875
0 0.4578125 0.475 0.2078125 0.2625
0 0.5484375 0.3015625 0.2609375 0.2921875
0 0.3015625 0.33203125 0.2546875 0.2734375
0 0.125 0.25546875 0.25 0.2296875
0 0.69609375 0.15078125 0.2828125 0.2859375
0 0.83046875 0.359375 0.3390625 0.4
0 0.9078125 0.60859375 0.184375 0.2578125
0 0.5703125 0.6828125 0.1921875 0.221875
0 0.696875 0.7953125 0.15 0.159375
0 0.58203125 0.8625 0.1765625 0.1890625
0 0.334375 0.9203125 0.253125 0.159375