0 0.3625 0.4703125 0.0828125 0.06875
0 0.31328125 0.3 0.05625 0.0515625
0 0.22421875 0.2640625 0.05625 0.0375
0 0.12890625 0.29296875 0.0453125 0.05625
0 0.121875 0.18671875 0.0359375 0.046875
0 0.20078125 0.18828125 0.040625 0.040625
0 0.21171875 0.15 0.0421875 0.05
0 0.26328125 0.14296875 0.034375 0.040625
0 0.3078125 0.14453125 0.05 0.0484375
0 0.38671875 0.15625 0.0484375 0.0328125
0 0.5234375 0.18828125 0.0390625 0.046875
0 0.25078125 0.55234375 0.046875 0.046875
0 0.17890625 0.61484375 0.0515625 0.059375
0 0.396875 0.7671875 0.0515625 0.04375
0 0.4453125 0.7375 0.0546875 0.0578125
0 0.48046875 0.67890625 0.0453125 0.05
0 0.484375 0.51328125 0.05 0.059375
0 0.52578125 0.671875 0.0375 0.04375
0 0.51796875 0.775 0.03125 0.03125
0 0.47421875 0.76796875 0.0484375 0.04375