0 0.7609375 0.6421875 0.4390625 0.328125
0 0.7890625 0.8234375 0.33125 0.2828125
0 0.60625 0.1078125 0.409375 0.215625
0 0.79921875 0.11484375 0.2421875 0.2296875
0 0.86953125 0.27734375 0.225 0.2765625
0 0.90859375 0.4765625 0.1828125 0.253125
0 0.93359375 0.71015625 0.1328125 0.2734375
0 0.6578125 0.4421875 0.4421875 0.3390625
0 0.665625 0.2671875 0.284375 0.225
0 0.4234375 0.25859375 0.3765625 0.3
0 0.16015625 0.2515625 0.3203125 0.29375
0 0.2078125 0.43671875 0.296875 0.26875
0 0.4984375 0.62890625 0.24375 0.2265625
0 0.453125 0.4515625 0.25 0.2625
0 0.54453125 0.82421875 0.2578125 0.2359375
0 0.33984375 0.74375 0.325 0.284375
0 0.33515625 0.8890625 0.2984375 0.221875
0 0.29140625 0.5921875 0.3046875 0.2484375
0 0.10078125 0.58515625 0.2015625 0.1703125
0 0.05703125 0.303125 0.1140625 0.2375
0 0.225 0.95390625 0.20625 0.0921875
0 0.55546875 0.9234375 0.2796875 0.153125