0 0.28125 0.29921875 0.3859375 0.2
0 0.296875 0.109375 0.28125 0.2109375
0 0.28828125 0.89140625 0.3703125 0.2171875
0 0.1125 0.8203125 0.1984375 0.240625
0 0.08359375 0.628125 0.1671875 0.240625
0 0.08359375 0.41875 0.1671875 0.221875
0 0.0828125 0.1765625 0.165625 0.225
0 0.3328125 0.51796875 0.4140625 0.2953125
0 0.2828125 0.6859375 0.271875 0.1953125
0 0.51640625 0.75234375 0.340625 0.228125
0 0.7796875 0.82578125 0.3046875 0.240625
0 0.76875 0.63203125 0.278125 0.2453125
0 0.5328125 0.37578125 0.215625 0.19375
0 0.53359375 0.55859375 0.184375 0.2046875
0 0.53515625 0.175 0.21875 0.1859375
0 0.7140625 0.30234375 0.290625 0.2375
0 0.76328125 0.125 0.2421875 0.2390625
0 0.725 0.4609375 0.259375 0.159375
0 0.90546875 0.51484375 0.1890625 0.1578125
0 0.92578125 0.81015625 0.1484375 0.1890625
0 0.89765625 0.07265625 0.1546875 0.1453125
0 0.55234375 0.05546875 0.2578125 0.1109375