0 0.3875 0.35703125 0.1265625 0.1671875
0 0.3390625 0.190625 0.15 0.1671875
0 0.215625 0.02734375 0.1875 0.0546875
0 0.4546875 0.10078125 0.109375 0.1375
0 0.47109375 0.24140625 0.103125 0.1171875
0 0.45546875 0.43984375 0.125 0.1625
0 0.63984375 0.12265625 0.10625 0.1109375
0 0.7890625 0.1140625 0.1125 0.1296875
0 0.8640625 0.26484375 0.1109375 0.13125
0 0.5828125 0.39453125 0.0625 0.0765625
0 0.5015625 0.46640625 0.0609375 0.075
0 0.5171875 0.61640625 0.1078125 0.1140625
0 0.3875 0.584375 0.0984375 0.1046875
0 0.27734375 0.42265625 0.125 0.134375
0 0.6203125 0.521875 0.06875 0.0734375
0 0.65703125 0.63125 0.08125 0.0859375
0 0.04765625 0.33203125 0.05625 0.0796875
0 0.06015625 0.43046875 0.075 0.0734375
0 0.16484375 0.421875 0.078125 0.0609375
0 0.02265625 0.51953125 0.0453125 0.0828125
0 0.03984375 0.56953125 0.0734375 0.0734375
0 0.0890625 0.578125 0.0671875 0.0671875
0 0.1484375 0.5375 0.0625 0.071875
0 0.2640625 0.565625 0.0640625 0.0703125
0 0.1984375 0.59609375 0.05625 0.0765625
0 0.26484375 0.64921875 0.05625 0.05625
0 0.6515625 0.29453125 0.1359375 0.15
0 0.88671875 0.64609375 0.0875 0.0921875
0 0.9625 0.578125 0.075 0.1
0 0.83984375 0.58125 0.0765625 0.0671875
0 0.71328125 0.67734375 0.0875 0.096875
0 0.19921875 0.74375 0.0765625 0.0734375
0 0.265625 0.77265625 0.0703125 0.0859375