0 0.59609375 0.86640625 0.203125 0.159375
0 0.39765625 0.915625 0.2421875 0.16875
0 0.175 0.940625 0.2671875 0.1
0 0.1125 0.8421875 0.225 0.15625
0 0.36015625 0.8 0.1890625 0.1609375
0 0.55234375 0.7515625 0.209375 0.175
0 0.1484375 0.73203125 0.2109375 0.153125
0 0.11796875 0.6046875 0.159375 0.11875
0 0.384375 0.68125 0.146875 0.1234375
0 0.4765625 0.65234375 0.115625 0.0921875
0 0.45703125 0.58828125 0.1359375 0.0890625
0 0.40390625 0.5140625 0.1078125 0.0859375
0 0.84609375 0.459375 0.096875 0.0765625
0 0.9140625 0.44765625 0.084375 0.065625
0 0.521875 0.45625 0.0875 0.0671875