0 0.12421875 0.55078125 0.1765625 0.2140625
0 0.09921875 0.3484375 0.196875 0.2578125
0 0.090625 0.128125 0.10625 0.25625
0 0.2078125 0.10078125 0.209375 0.2015625
0 0.21953125 0.32421875 0.18125 0.2046875
0 0.24375 0.521875 0.1921875 0.2234375
0 0.3125 0.12265625 0.1765625 0.225
0 0.44296875 0.10859375 0.109375 0.1546875
0 0.334375 0.36328125 0.1515625 0.1671875
0 0.3515625 0.4578125 0.096875 0.11875
0 0.4171875 0.446875 0.1 0.140625
0 0.4984375 0.403125 0.103125 0.1203125
0 0.49765625 0.8484375 0.0890625 0.1046875
0 0.5015625 0.91796875 0.0625 0.0828125
0 0.540625 0.52734375 0.0765625 0.09375