0 0.76171875 0.77421875 0.24375 0.221875
0 0.61328125 0.8953125 0.2796875 0.209375
0 0.43203125 0.98046875 0.2671875 0.0390625
0 0.321875 0.93203125 0.2875 0.1359375
0 0.52265625 0.83046875 0.2453125 0.234375
0 0.66796875 0.69453125 0.2515625 0.234375
0 0.3046875 0.8734375 0.253125 0.2296875
0 0.21640625 0.7765625 0.1828125 0.1625
0 0.48671875 0.7140625 0.1796875 0.16875
0 0.553125 0.64453125 0.146875 0.1375
0 0.50546875 0.5984375 0.1546875 0.1328125
0 0.42265625 0.55859375 0.1359375 0.128125
0 0.78359375 0.296875 0.1109375 0.0984375
0 0.83671875 0.253125 0.0890625 0.0765625
0 0.49765625 0.4515625 0.103125 0.09375