0 0.1921875 0.8574074074074074 0.21770833333333334 0.2851851851851852
0 0.380859375 0.33912037037037035 0.17057291666666666 0.30787037037037035
0 0.3756510416666667 0.9340277777777778 0.17057291666666666 0.12731481481481483
0 0.5123697916666666 0.7546296296296297 0.19140625 0.35648148148148145
0 0.3515625 0.7071759259259259 0.1484375 0.30787037037037035
0 0.4427083333333333 0.5243055555555556 0.171875 0.16435185185185186
0 0.607421875 0.40046296296296297 0.29296875 0.30092592592592593
0 0.255859375 0.6446759259259259 0.08463541666666667 0.14583333333333334
0 0.7395833333333334 0.8553240740740741 0.2708333333333333 0.2847222222222222
0 0.6907552083333334 0.6400462962962963 0.20703125 0.2152777777777778
0 0.9140625 0.6921296296296297 0.171875 0.2824074074074074
0 0.912109375 0.5150462962962963 0.17578125 0.1736111111111111
0 0.9322916666666666 0.40625 0.109375 0.08101851851851852