0 0.14219941348973608 0.8061132075471699 0.2844134897360704 0.38775471698113206
0 0.4473020527859238 0.8113584905660377 0.3349560117302053 0.37728301886792454
0 0.7971700879765395 0.8203018867924529 0.32555718475073314 0.359188679245283
0 0.05998533724340176 0.25339622641509435 0.11997067448680351 0.2909056603773585
0 0.1633724340175953 0.3898490566037736 0.2804838709677419 0.42454716981132073
0 0.3806891495601173 0.6159811320754718 0.24510263929618767 0.2762075471698113
0 0.6813196480938417 0.48575471698113204 0.3554398826979472 0.45632075471698114
0 0.3408357771260997 0.2597924528301887 0.18086510263929617 0.29020754716981134
0 0.5445161290322581 0.24475471698113208 0.27054252199413487 0.34820754716981134
0 0.858900293255132 0.31624528301886795 0.2821994134897361 0.42703773584905663
0 0.38360703812316715 0.052245283018867925 0.2664222873900293 0.10447169811320754
0 0.631950146627566 0.08716981132075473 0.2205865102639296 0.17433962264150946
0 0.1469941348973607 0.07843396226415095 0.19643695014662757 0.1568679245283019