0 0.23964999999999997 0.23786666666666667 0.28781666666666667 0.33693333333333336
0 0.21178333333333332 0.5779555555555556 0.22931666666666667 0.32326666666666665
0 0.38711666666666666 0.7142666666666667 0.24911666666666665 0.351
0 0.6242666666666666 0.6930666666666666 0.22248333333333334 0.3399111111111111
0 0.8434666666666666 0.7067555555555556 0.27603333333333335 0.329
0 0.45571666666666666 0.37353333333333333 0.17675 0.31277777777777777
0 0.6488833333333333 0.3533777777777778 0.21646666666666667 0.3243111111111111
0 0.8696333333333333 0.3763111111111111 0.23604999999999998 0.3031111111111111
0 0.4771666666666667 0.037644444444444446 0.20176666666666668 0.07528888888888889
0 0.6998 0.04382222222222222 0.2319166666666667 0.08764444444444444
0 0.8926666666666667 0.03597777777777778 0.21464999999999998 0.07193333333333332