0 0.146890625 0.691296875 0.23900000000000002 0.291515625
0 0.399078125 0.7016875 0.170390625 0.2460625
0 0.534703125 0.7129218749999999 0.190640625 0.268265625
0 0.7533593749999999 0.673546875 0.153859375 0.30012500000000003
0 0.834296875 0.77590625 0.19940625 0.12789062499999998
0 0.9145625000000001 0.6836249999999999 0.1630625 0.27145312499999996
0 0.831984375 0.24153125000000003 0.274453125 0.24351562499999999
0 0.5160625 0.34631249999999997 0.1511875 0.30190625
0 0.381109375 0.375421875 0.1281875 0.2808125
0 0.44078125 0.45853124999999995 0.0986875 0.13609374999999999
0 0.5070781249999999 0.45843749999999994 0.079328125 0.12067187500000001
0 0.166390625 0.13773437500000002 0.13974999999999999 0.05896875
0 0.15575 0.1879375 0.14151562499999998 0.05428125
0 0.149296875 0.2379375 0.121203125 0.04803125
0 0.139140625 0.345453125 0.19815624999999998 0.0615
0 0.14178125 0.293296875 0.169453125 0.06659375
0 0.150078125 0.40170312499999994 0.199734375 0.07634375
0 0.166203125 0.46448437499999995 0.142109375 0.073796875