0 0.13307692307692306 0.12857142857142856 0.2169230769230769 0.2571428571428571
0 0.3484615384615385 0.09183673469387756 0.2230769230769231 0.1836734693877551
0 0.5723076923076923 0.09693877551020408 0.21846153846153846 0.18571428571428572
0 0.8630769230769231 0.10510204081632653 0.27384615384615385 0.21020408163265306
0 0.07153846153846154 0.37551020408163266 0.14307692307692307 0.3306122448979592
0 0.27384615384615385 0.33163265306122447 0.21846153846153846 0.336734693877551
0 0.4930769230769231 0.32142857142857145 0.2230769230769231 0.32448979591836735
0 0.7338461538461538 0.3020408163265306 0.24 0.32653061224489793
0 0.9284615384615384 0.32346938775510203 0.14307692307692307 0.336734693877551
0 0.14153846153846153 0.6142857142857143 0.23076923076923078 0.363265306122449
0 0.3676923076923077 0.6163265306122448 0.22153846153846155 0.3306122448979592
0 0.59 0.6173469387755102 0.24153846153846154 0.35714285714285715
0 0.8376923076923077 0.5938775510204082 0.23846153846153847 0.3346938775510204
0 0.9776923076923076 0.6112244897959184 0.04461538461538461 0.24285714285714285
0 0.07615384615384616 0.8469387755102041 0.14923076923076922 0.30612244897959184
0 0.26153846153846155 0.8489795918367347 0.22153846153846155 0.3020408163265306
0 0.48 0.8571428571428571 0.2153846153846154 0.2857142857142857
0 0.7123076923076923 0.8581632653061224 0.24307692307692308 0.2836734693877551
0 0.9161538461538462 0.8479591836734693 0.1676923076923077 0.29591836734693877