0 0.9080374999999999 0.1257303370786517 0.18392499999999998 0.2514606741573034
0 0.9767874999999999 0.3263857677902622 0.046425 0.21402621722846443
0 0.9508875 0.5898876404494382 0.0982125 0.31835205992509363
0 0.9781624999999999 0.8707865168539326 0.043687500000000004 0.23275280898876405
0 0.86875 0.9721722846441947 0.1625 0.05563670411985019
0 0.6883875 0.892996254681648 0.19821249999999999 0.21400749063670413
0 0.84375 0.7651123595505618 0.2375 0.37453183520599254
0 0.7258875 0.149812734082397 0.16607500000000003 0.299625468164794
0 0.840175 0.3651685393258427 0.2053625 0.3344007490636704
0 0.5383875 0.2702059925093633 0.2375 0.33707865168539325
0 0.675 0.5109737827715356 0.1892875 0.34777153558052437
0 0.4169625 0.48556179775280905 0.22321249999999998 0.29159176029962547
0 0.5258875 0.6781647940074906 0.25892499999999996 0.3344007490636704
0 0.472325 0.0749063670411985 0.18392499999999998 0.1444569288389513