0 0.36884536784741145 0.08886734693877552 0.1874965940054496 0.17773469387755103
0 0.6349216621253406 0.13352551020408163 0.20107629427792917 0.2670459183673469
0 0.8698841961852861 0.12181632653061224 0.21568119891008175 0.24362755102040815
0 0.7810047683923707 0.37044387755102043 0.20086852861035423 0.32635714285714285
0 0.9600102179836513 0.31137755102040815 0.07997956403269754 0.26798469387755103
0 0.9234604904632153 0.5803826530612245 0.1530790190735695 0.30956122448979595
0 0.7783038147138964 0.7690102040816327 0.22357629427792913 0.3661173469387755
0 0.9452758855585831 0.8690612244897958 0.10944482288828337 0.26187755102040816
0 0.7969788828337874 0.9765663265306123 0.13323228882833787 0.04686734693877551
0 0.4418528610354223 0.3291020408163265 0.21986716621253405 0.31219897959183673
0 0.5782356948228883 0.5281275510204082 0.2088964577656676 0.3187551020408163
0 0.6183821525885559 0.9133979591836735 0.17080722070844687 0.17320408163265308
0 0.4164577656675749 0.68875 0.3020810626702997 0.42749489795918366