0 0.23546874999999998 0.671440329218107 0.10103124999999999 0.1806172839506173
0 0.10265625 0.6279835390946502 0.10418750000000002 0.17279835390946502
0 0.2109375 0.5228395061728395 0.11759375000000001 0.14037037037037037
0 0.59290625 0.529835390946502 0.07843750000000001 0.1346090534979424
0 0.69053125 0.4614814814814815 0.10806249999999999 0.10662551440329218
0 0.71646875 0.6179012345679012 0.1036875 0.12300411522633745
0 0.64540625 0.3462551440329218 0.09590625 0.10670781893004115
0 0.37293750000000003 0.5609053497942388 0.1135 0.11769547325102882
0 0.3998125 0.7181481481481481 0.10471875 0.16534979423868312
0 0.31653125000000004 0.8031687242798353 0.1163125 0.11469135802469137
0 0.31262500000000004 0.6475308641975308 0.086625 0.16251028806584364
0 0.34809375 0.4497530864197531 0.0856875 0.09304526748971194
0 0.19265625 0.4312345679012346 0.09668750000000001 0.10543209876543211
0 0.13546875 0.4120987654320988 0.0885625 0.13958847736625515
0 0.8427187500000001 0.6113168724279836 0.08115625 0.08679012345679012
0 0.9239375000000001 0.4765020576131688 0.068625 0.1465432098765432
0 0.8344374999999999 0.4374074074074074 0.09271875 0.11777777777777779
0 0.7786562499999999 0.38534979423868315 0.0843125 0.11901234567901235
0 0.64196875 0.5882716049382716 0.10778125000000001 0.13292181069958847