0 0.1741796875 0.6886244204018548 0.2162890625 0.30803709428129833
0 0.497861328125 0.27720247295208655 0.1885546875 0.2882689335394127
0 0.738544921875 0.6881452859350851 0.322890625 0.4122720247295209
0 0.19833984375 0.29149922720247295 0.160068359375 0.24095826893353942
0 0.23435546875 0.3567851622874807 0.157119140625 0.2700618238021638
0 0.267255859375 0.4117310664605873 0.15841796875 0.30690880989180835
0 0.31994140625 0.47918083462132915 0.17736328125 0.3247140649149923
0 0.360576171875 0.5208037094281298 0.180927734375 0.34112828438948994
0 0.39880859375 0.585193199381762 0.181435546875 0.3247140649149923
0 0.431123046875 0.6291344667697063 0.17009765625 0.32735703245749614
0 0.45849609375 0.6897836166924266 0.156787109375 0.24664605873261208