0 0.30516666666666664 0.6212666666666666 0.20883333333333332 0.14163333333333333
0 0.28683333333333333 0.7792333333333333 0.22216666666666668 0.13403333333333334
0 0.5080333333333333 0.8125666666666667 0.18960000000000002 0.11736666666666667
0 0.49326666666666663 0.6733666666666667 0.15583333333333332 0.14576666666666666
0 0.5697 0.4752 0.21289999999999998 0.11296666666666667
0 0.7151 0.5771 0.11203333333333333 0.11333333333333333
0 0.6869666666666667 0.8027666666666667 0.15163333333333334 0.10776666666666666
0 0.37723333333333336 0.4968666666666667 0.14463333333333334 0.1363
0 0.6997 0.6927666666666668 0.1062 0.0945
0 0.21186666666666668 0.605 0.13886666666666667 0.16583333333333333
0 0.5688333333333333 0.2561333333333333 0.7778 0.3886
0 0.5065999999999999 0.41286666666666666 0.14916666666666667 0.12510000000000002