0 0.15207400000000001 0.10643864386438644 0.233138 0.21287728772877287
0 0.032444 0.29205520552055203 0.064888 0.34446744674467444
0 0.145108 0.4091119111911191 0.18038800000000002 0.3876537653765376
0 0.235496 0.49953195319531957 0.257456 0.48714371437143716
0 0.10468399999999999 0.8018211821182117 0.20936799999999997 0.3963546354635463
0 0.318764 0.8435553555355536 0.23317600000000002 0.31288928892889284
0 0.402146 0.10671467146714672 0.272388 0.21342934293429344
0 0.39650599999999997 0.312982298229823 0.142894 0.1693939393939394
0 0.48441000000000006 0.6177047704770476 0.26477 0.4928142814281428
0 0.568558 0.8750615061506151 0.24021599999999999 0.2498739873987399
0 0.568558 0.25366336633663367 0.249108 0.43501650165016503
0 0.831292 0.17068406840684067 0.27666 0.34136813681368133
0 0.747478 0.644929492949295 0.260276 0.4876987698769877
0 0.820636 0.8978367836783677 0.226582 0.20432643264326433
0 0.9404959999999999 0.7683798379837985 0.11900999999999999 0.46323732373237325
0 0.8852479999999999 0.4622022202220222 0.131632 0.17802880288028802
0 0.6331399999999999 0.09033303330333033 0.186424 0.18066606660666065