0 0.11983333333333335 0.13628888888888888 0.2396666666666667 0.21702222222222223
0 0.33558333333333334 0.06376666666666667 0.28955 0.12752222222222223
0 0.6931833333333334 0.0388 0.34735 0.0756
0 0.15223333333333333 0.26054444444444447 0.30448333333333333 0.2802
0 0.43879999999999997 0.24156666666666665 0.47191666666666665 0.3089111111111111
0 0.9046666666666666 0.1278 0.19068333333333332 0.2556
0 0.8112333333333334 0.20901111111111112 0.30565 0.16107777777777776
0 0.09206666666666667 0.5293666666666667 0.18413333333333334 0.26104444444444447
0 0.2629 0.5532888888888888 0.37938333333333335 0.3089
0 0.72975 0.4184222222222222 0.4825 0.2916222222222222
0 0.08396666666666668 0.7299888888888889 0.16793333333333335 0.14994444444444444
0 0.48695000000000005 0.6923333333333334 0.4821 0.3363666666666667
0 0.8440166666666667 0.6514444444444444 0.31196666666666667 0.2607555555555556
0 0.13951666666666665 0.8730333333333333 0.27901666666666664 0.25393333333333334
0 0.427 0.9262666666666667 0.5001666666666668 0.14745555555555556
0 0.7873 0.8915444444444445 0.42538333333333334 0.2169