0 0.35535416666666664 0.5657578125 0.23260416666666667 0.36965625
0 0.520703125 0.6470859375 0.21805729166666668 0.3158046875
0 0.6686614583333333 0.6108125 0.20668229166666666 0.332546875
0 0.5346770833333333 0.8321093749999999 0.14164583333333333 0.051226562499999996
0 0.5505677083333332 0.8921796875 0.175515625 0.0892578125
0 0.6823333333333333 0.8903125 0.204328125 0.05765625
0 0.7432291666666667 0.8093828125 0.17634895833333333 0.0997265625
0 0.34024479166666666 0.7594453125 0.15683333333333332 0.056765625
0 0.30332291666666666 0.8274531250000001 0.15721354166666668 0.085359375
0 0.3018854166666667 0.7851796875 0.12103645833333333 0.054109375
0 0.25380729166666666 0.808203125 0.05539583333333333 0.038765625
0 0.36019270833333333 0.83121875 0.06578645833333334 0.0680546875