0 0.9125 0.65078125 0.090625 0.053125
0 0.8484375 0.5109375 0.0828125 0.059375
0 0.9171875 0.47265625 0.0765625 0.065625
0 0.84609375 0.46953125 0.096875 0.0625
0 0.69375 0.79921875 0.084375 0.0578125
0 0.6875 0.7453125 0.09375 0.0703125
0 0.60078125 0.6515625 0.0953125 0.0734375
0 0.37578125 0.80625 0.0859375 0.06875
0 0.31328125 0.884375 0.0890625 0.0828125
0 0.3140625 0.66015625 0.1234375 0.096875
0 0.18046875 0.75078125 0.078125 0.0515625
0 0.20234375 0.77578125 0.0640625 0.0546875
0 0.18046875 0.84609375 0.0703125 0.053125
0 0.6515625 0.86328125 0.09375 0.078125
0 0.60859375 0.77421875 0.0828125 0.0640625
0 0.61015625 0.82109375 0.0734375 0.0546875
0 0.5453125 0.69609375 0.0796875 0.065625
0 0.4734375 0.60625 0.0828125 0.0640625
0 0.3984375 0.5875 0.078125 0.0609375
0 0.15078125 0.5046875 0.09375 0.0828125
0 0.33046875 0.48359375 0.103125 0.0796875
0 0.40078125 0.490625 0.0796875 0.071875
0 0.35625 0.41328125 0.0953125 0.06875
0 0.66875 0.46171875 0.06875 0.0515625
0 0.753125 0.4796875 0.0921875 0.065625
0 0.3390625 0.209375 0.1015625 0.0796875
0 0.44765625 0.1296875 0.071875 0.053125
0 0.39375 0.28828125 0.1171875 0.0828125