0 0.1 0.2921875 0.2 0.215625
0 0.06796875 0.4078125 0.1359375 0.234375
0 0.34296875 0.22578125 0.2625 0.2578125
0 0.46953125 0.2546875 0.23125 0.2390625
0 0.7625 0.1046875 0.2375 0.209375
0 0.6390625 0.18984375 0.2625 0.259375
0 0.80859375 0.2203125 0.2203125 0.1921875
0 0.6109375 0.3234375 0.2515625 0.246875
0 0.43359375 0.4078125 0.209375 0.2078125
0 0.275 0.49765625 0.215625 0.2140625
0 0.13359375 0.534375 0.2671875 0.271875
0 0.87890625 0.3140625 0.2109375 0.2140625
0 0.75625 0.34765625 0.2609375 0.2421875
0 0.59375 0.475 0.29375 0.2890625
0 0.753125 0.51484375 0.275 0.271875
0 0.90859375 0.4546875 0.1828125 0.24375
0 0.4203125 0.5640625 0.2484375 0.234375
0 0.28671875 0.6328125 0.2140625 0.203125
0 0.1203125 0.68828125 0.2078125 0.2140625
0 0.2125 0.80078125 0.25 0.2390625
0 0.3796875 0.734375 0.2109375 0.1984375
0 0.5609375 0.634375 0.190625 0.178125
0 0.96875 0.59765625 0.0625 0.1703125
0 0.97890625 0.70546875 0.0421875 0.2046875
0 0.8984375 0.77109375 0.203125 0.2203125
0 0.7515625 0.8453125 0.25 0.23125
0 0.615625 0.91484375 0.19375 0.1703125
0 0.403125 0.88359375 0.225 0.221875
0 0.2609375 0.91796875 0.24375 0.1640625
0 0.55390625 0.78984375 0.2484375 0.2484375
0 0.72578125 0.69453125 0.259375 0.25
0 0.8828125 0.621875 0.21875 0.228125
0 0.24921875 0.36484375 0.24375 0.225
0 0.44296875 0.95234375 0.2421875 0.0953125