0 0.09453125 0.61015625 0.1890625 0.4234375
0 0.1859375 0.8 0.3 0.3109375
0 0.20546875 0.4078125 0.3875 0.4296875
0 0.209375 0.17890625 0.2203125 0.196875
0 0.29453125 0.134375 0.2890625 0.26875
0 0.48203125 0.1078125 0.1953125 0.215625
0 0.43359375 0.3015625 0.2765625 0.3
0 0.39375 0.61796875 0.3875 0.525
0 0.6078125 0.43515625 0.2609375 0.34375
0 0.6015625 0.15390625 0.26875 0.3078125
0 0.771875 0.18828125 0.253125 0.2984375
0 0.82421875 0.2640625 0.278125 0.33125
0 0.9328125 0.18984375 0.134375 0.1984375
0 0.93046875 0.325 0.1390625 0.309375
0 0.82265625 0.46640625 0.3390625 0.38125
0 0.84296875 0.7015625 0.3140625 0.409375
0 0.68125 0.7375 0.253125 0.3390625
0 0.57734375 0.80625 0.4140625 0.3875
0 0.77890625 0.91015625 0.2546875 0.1796875