0 0.7234375 0.9046875 0.384375 0.165625
0 0.87109375 0.72578125 0.2578125 0.2421875
0 0.4875 0.80859375 0.3421875 0.26875
0 0.26484375 0.8640625 0.175 0.203125
0 0.16328125 0.80234375 0.29375 0.209375
0 0.1234375 0.61875 0.190625 0.15625
0 0.32578125 0.615625 0.2296875 0.1859375
0 0.64140625 0.571875 0.475 0.2890625
0 0.409375 0.4125 0.315625 0.2109375
0 0.134375 0.49140625 0.26875 0.1921875
0 0.1265625 0.31796875 0.253125 0.1828125
0 0.18828125 0.24765625 0.2765625 0.190625
0 0.07734375 0.109375 0.1546875 0.21875
0 0.2078125 0.0796875 0.271875 0.159375
0 0.384375 0.196875 0.303125 0.2265625
0 0.60703125 0.10390625 0.3515625 0.2078125
0 0.6828125 0.26328125 0.309375 0.203125
0 0.8109375 0.33671875 0.378125 0.3078125
0 0.87578125 0.11015625 0.2484375 0.2109375