0 0.60546875 0.89140625 0.4421875 0.2171875
0 0.7984375 0.8203125 0.303125 0.2859375
0 0.403125 0.79296875 0.3921875 0.3421875
0 0.1734375 0.78515625 0.221875 0.2421875
0 0.13359375 0.696875 0.2671875 0.29375
0 0.11328125 0.51015625 0.2265625 0.2234375
0 0.30078125 0.56328125 0.278125 0.25
0 0.61640625 0.6078125 0.5296875 0.396875
0 0.43671875 0.390625 0.36875 0.303125
0 0.15625 0.390625 0.3125 0.275
0 0.1953125 0.2234375 0.3078125 0.271875
0 0.26953125 0.171875 0.325 0.2703125
0 0.19765625 0.06484375 0.2015625 0.1296875
0 0.334375 0.06796875 0.309375 0.1359375
0 0.47265625 0.1765625 0.359375 0.309375
0 0.7109375 0.14921875 0.396875 0.2984375
0 0.740625 0.32265625 0.334375 0.246875
0 0.80546875 0.42890625 0.3890625 0.4234375
0 0.90625 0.2296875 0.1875 0.284375