0 0.1421875 0.884375 0.284375 0.215625
0 0.71953125 0.83515625 0.3953125 0.3
0 0.7453125 0.5359375 0.3640625 0.3390625
0 0.72734375 0.24296875 0.465625 0.4453125
0 0.73203125 0.04765625 0.4140625 0.09375
0 0.25078125 0.1 0.1640625 0.2
0 0.140625 0.31171875 0.278125 0.2765625
0 0.1125 0.0828125 0.203125 0.165625
0 0.2265625 0.490625 0.2671875 0.2953125
0 0.4234375 0.6359375 0.4171875 0.3796875
0 0.428125 0.83359375 0.2609375 0.2265625
0 0.59375 0.95 0.38125 0.1
0 0.1140625 0.70078125 0.228125 0.2109375
0 0.0625 0.5484375 0.125 0.109375
0 0.49296875 0.35234375 0.290625 0.2765625
0 0.4078125 0.165625 0.28125 0.33125