0 0.57578125 0.1734375 0.1953125 0.1828125
0 0.46015625 0.23671875 0.065625 0.05625
0 0.278125 0.13359375 0.05 0.05
0 0.16328125 0.25 0.0578125 0.0515625
0 0.26953125 0.28671875 0.103125 0.0921875
0 0.2421875 0.4125 0.1 0.09375
0 0.4453125 0.40625 0.09375 0.075
0 0.4921875 0.4359375 0.1078125 0.0921875
0 0.4953125 0.54296875 0.090625 0.0859375
0 0.425 0.5640625 0.11875 0.10625
0 0.3546875 0.4890625 0.10625 0.1015625
0 0.30703125 0.6578125 0.134375 0.1171875
0 0.46015625 0.7078125 0.109375 0.1125
0 0.61640625 0.68828125 0.109375 0.0953125
0 0.765625 0.67890625 0.0953125 0.0875
0 0.5453125 0.74296875 0.09375 0.0984375
0 0.58359375 0.7484375 0.0640625 0.0671875
0 0.66484375 0.834375 0.0546875 0.0515625
0 0.63125 0.84765625 0.05 0.0375
0 0.7125 0.878125 0.071875 0.0578125
0 0.6421875 0.9578125 0.046875 0.0390625