0 0.7015625 0.7671875 0.1609375 0.1421875
0 0.57109375 0.75703125 0.0578125 0.0453125
0 0.44609375 0.925 0.0359375 0.0390625
0 0.29375 0.86484375 0.053125 0.0453125
0 0.3765625 0.78828125 0.0828125 0.059375
0 0.3 0.684375 0.078125 0.06875
0 0.48828125 0.60859375 0.0828125 0.0484375
0 0.51953125 0.56171875 0.0953125 0.0703125
0 0.478125 0.4625 0.071875 0.065625
0 0.40546875 0.471875 0.10625 0.0859375
0 0.371875 0.56953125 0.084375 0.0765625
0 0.259375 0.434375 0.115625 0.0875
0 0.37890625 0.32578125 0.0875 0.090625
0 0.5296875 0.28046875 0.0890625 0.0625
0 0.66953125 0.228125 0.0734375 0.0546875
0 0.4421875 0.259375 0.0625 0.0734375
0 0.475 0.2390625 0.04375 0.05
0 0.5140625 0.12734375 0.0421875 0.0359375
0 0.478125 0.1296875 0.0453125 0.0265625
0 0.540625 0.06796875 0.0640625 0.0328125
0 0.44375 0.02421875 0.0421875 0.0265625