0 0.75625 0.28515625 0.184375 0.16875
0 0.6265625 0.265625 0.0671875 0.059375
0 0.54296875 0.07421875 0.04375 0.0453125
0 0.38125 0.09765625 0.0609375 0.05625
0 0.44453125 0.19140625 0.0984375 0.0859375
0 0.346875 0.275 0.0984375 0.0921875
0 0.5125 0.3921875 0.0859375 0.0578125
0 0.5328125 0.44375 0.103125 0.084375
0 0.4703125 0.53203125 0.0796875 0.075
0 0.4015625 0.50625 0.1203125 0.10625
0 0.390625 0.40390625 0.0890625 0.0828125
0 0.25078125 0.51015625 0.1203125 0.096875
0 0.34296875 0.6421875 0.1078125 0.1109375
0 0.4796875 0.7203125 0.1109375 0.096875
0 0.60390625 0.803125 0.0828125 0.06875
0 0.38984375 0.72109375 0.078125 0.0859375
0 0.4171875 0.7484375 0.0609375 0.0640625
0 0.43046875 0.86640625 0.05 0.0453125
0 0.3953125 0.85625 0.05 0.0375
0 0.4421875 0.93046875 0.06875 0.046875
0 0.33828125 0.95078125 0.0484375 0.0375