0 0.77734375 0.90859375 0.2484375 0.1828125
0 0.5859375 0.88046875 0.309375 0.2390625
0 0.40234375 0.871875 0.2453125 0.25625
0 0.25625 0.83125 0.2546875 0.265625
0 0.1296875 0.72265625 0.259375 0.3734375
0 0.87421875 0.80546875 0.15625 0.225
0 0.7453125 0.7390625 0.2859375 0.346875
0 0.50234375 0.6609375 0.290625 0.3375
0 0.31875 0.5953125 0.28125 0.3765625
0 0.09609375 0.46640625 0.1921875 0.3953125
0 0.19609375 0.17109375 0.3046875 0.3421875
0 0.31640625 0.3 0.4328125 0.6
0 0.57421875 0.31015625 0.434375 0.553125
0 0.5703125 0.07578125 0.234375 0.1515625
0 0.81171875 0.17421875 0.321875 0.2625
0 0.77421875 0.4 0.4515625 0.553125
0 0.9078125 0.5015625 0.184375 0.46875
0 0.95859375 0.25234375 0.0828125 0.2328125
0 0.63359375 0.65859375 0.125 0.1453125