0 0.725 0.08046875 0.271875 0.1609375
0 0.53984375 0.11328125 0.3046875 0.2265625
0 0.36328125 0.134375 0.2515625 0.26875
0 0.225 0.2 0.290625 0.29375
0 0.125 0.31953125 0.25 0.3828125
0 0.83828125 0.1578125 0.1765625 0.23125
0 0.71953125 0.23671875 0.334375 0.371875
0 0.48515625 0.33984375 0.2734375 0.31875
0 0.309375 0.42421875 0.34375 0.40625
0 0.11484375 0.57578125 0.2296875 0.4078125
0 0.24375 0.84296875 0.35 0.3140625
0 0.34140625 0.7 0.5421875 0.6
0 0.59375 0.68125 0.484375 0.5703125
0 0.6125 0.9078125 0.253125 0.184375
0 0.8421875 0.7921875 0.315625 0.275
0 0.76328125 0.56875 0.4734375 0.5875
0 0.8859375 0.45546875 0.228125 0.4734375
0 0.97421875 0.69140625 0.0515625 0.2296875
0 0.61640625 0.328125 0.1234375 0.14375