0 0.1484375 0.91171875 0.2875 0.1765625
0 0.13515625 0.72578125 0.2671875 0.25625
0 0.10703125 0.5375 0.2140625 0.159375
0 0.10703125 0.38359375 0.2140625 0.1984375
0 0.1546875 0.20546875 0.309375 0.1734375
0 0.33984375 0.946875 0.2140625 0.10625
0 0.359375 0.8125 0.3078125 0.228125
0 0.34921875 0.55703125 0.275 0.1828125
0 0.3484375 0.36171875 0.34375 0.2015625
0 0.38046875 0.07734375 0.3703125 0.1546875
0 0.76796875 0.0796875 0.4515625 0.159375
0 0.6609375 0.2453125 0.65625 0.35625
0 0.70390625 0.5046875 0.48125 0.26875
0 0.92890625 0.415625 0.1421875 0.21875
0 0.9046875 0.68125 0.190625 0.2875
0 0.68984375 0.7328125 0.45 0.3046875
0 0.65234375 0.91328125 0.4484375 0.1734375
0 0.91171875 0.915625 0.1765625 0.15625
0 0.396875 0.6796875 0.125 0.090625