0 0.2390625 0.66796875 0.35 0.2609375
0 0.1359375 0.86171875 0.271875 0.2453125
0 0.053125 0.69609375 0.10625 0.1890625
0 0.13359375 0.51796875 0.2671875 0.2859375
0 0.31015625 0.35546875 0.453125 0.2953125
0 0.1421875 0.2546875 0.2671875 0.253125
0 0.175 0.0921875 0.30625 0.184375
0 0.4828125 0.10234375 0.434375 0.2046875
0 0.36015625 0.19921875 0.2359375 0.171875
0 0.4359375 0.49375 0.3375 0.2625
0 0.42421875 0.90546875 0.4265625 0.1890625
0 0.7890625 0.94375 0.365625 0.1125
0 0.82421875 0.7890625 0.334375 0.3484375
0 0.54296875 0.75234375 0.3609375 0.3046875
0 0.7390625 0.5390625 0.521875 0.378125
0 0.84296875 0.39609375 0.2296875 0.128125
0 0.92890625 0.25859375 0.1421875 0.2515625
0 0.69765625 0.24921875 0.478125 0.35625
0 0.83828125 0.11953125 0.3234375 0.1578125