0 0.2265625 0.646875 0.396875 0.4375
0 0.0765625 0.65703125 0.153125 0.3515625
0 0.1046875 0.80703125 0.2046875 0.1734375
0 0.3046875 0.81484375 0.3578125 0.3546875
0 0.534375 0.7359375 0.43125 0.5125
0 0.53984375 0.88515625 0.3171875 0.2296875
0 0.715625 0.91015625 0.296875 0.1796875
0 0.8359375 0.7109375 0.328125 0.4625
0 0.69609375 0.76796875 0.234375 0.26875
0 0.47421875 0.55859375 0.3515625 0.390625
0 0.1359375 0.3671875 0.271875 0.45
0 0.24140625 0.109375 0.2734375 0.21875
0 0.40390625 0.14375 0.4296875 0.2875
0 0.3 0.340625 0.3703125 0.40625
0 0.58203125 0.275 0.4703125 0.55
0 0.75703125 0.25 0.184375 0.2421875
0 0.8890625 0.2328125 0.221875 0.246875
0 0.78984375 0.44765625 0.4203125 0.5421875
0 0.934375 0.38125 0.13125 0.35625