0 0.98515625 0.7046875 0.0296875 0.071875
0 0.959375 0.75078125 0.08125 0.071875
0 0.89921875 0.77734375 0.0796875 0.071875
0 0.85546875 0.80625 0.0765625 0.06875
0 0.9359375 0.67265625 0.0609375 0.04375
0 0.92265625 0.64609375 0.0546875 0.053125
0 0.9796875 0.6515625 0.040625 0.05
0 0.928125 0.7078125 0.078125 0.0671875
0 0.8609375 0.71796875 0.0796875 0.059375
0 0.83046875 0.6859375 0.06875 0.0578125
0 0.8140625 0.78125 0.075 0.0671875
0 0.775 0.81171875 0.05 0.0484375
0 0.77578125 0.75625 0.0609375 0.053125
0 0.721875 0.803125 0.1 0.0828125
0 0.7140625 0.85234375 0.078125 0.071875
0 0.653125 0.84140625 0.090625 0.078125
0 0.65390625 0.88125 0.0625 0.053125
0 0.621875 0.90625 0.0734375 0.065625
0 0.59453125 0.93828125 0.0625 0.0578125
0 0.578125 0.89765625 0.0734375 0.065625
0 0.51953125 0.965625 0.0796875 0.06875
0 0.4140625 0.9640625 0.1 0.071875
0 0.203125 0.9859375 0.090625 0.028125
0 0.3296875 0.94765625 0.071875 0.0578125
0 0.47890625 0.91015625 0.109375 0.090625
0 0.44609375 0.8828125 0.08125 0.0671875
0 0.5015625 0.853125 0.08125 0.06875
0 0.56796875 0.83203125 0.0671875 0.059375
0 0.5578125 0.7921875 0.075 0.0578125
0 0.63515625 0.76328125 0.0640625 0.05625
0 0.7265625 0.74375 0.084375 0.0703125
0 0.75234375 0.70859375 0.0765625 0.065625
0 0.69140625 0.65859375 0.065625 0.05625
0 0.66171875 0.72578125 0.059375 0.05
0 0.61875 0.6828125 0.046875 0.0421875
0 0.58203125 0.721875 0.0640625 0.0609375
0 0.56953125 0.759375 0.0625 0.05
0 0.53125 0.740625 0.0640625 0.059375
0 0.48359375 0.778125 0.06875 0.0625
0 0.43203125 0.81640625 0.1125 0.1
0 0.3703125 0.8375 0.0828125 0.078125
0 0.36953125 0.8890625 0.0828125 0.0625
0 0.25078125 0.94375 0.075 0.0609375
0 0.2796875 0.8984375 0.0828125 0.0703125
0 0.2953125 0.85234375 0.090625 0.0765625
0 0.15234375 0.95703125 0.046875 0.05
0 0.190625 0.8328125 0.1171875 0.08125
0 0.146875 0.80859375 0.075 0.053125
0 0.3015625 0.78671875 0.128125 0.103125
0 0.409375 0.73046875 0.0765625 0.071875
0 0.61015625 0.64609375 0.034375 0.0296875
0 0.61953125 0.60390625 0.0453125 0.0328125
0 0.575 0.62578125 0.034375 0.0296875
0 0.54609375 0.6828125 0.0328125 0.025
0 0.44765625 0.68515625 0.040625 0.0359375
0 0.3609375 0.65859375 0.071875 0.0578125
0 0.24609375 0.7421875 0.1296875 0.0953125
0 0.159375 0.74609375 0.10625 0.0875
0 0.09921875 0.80625 0.053125 0.0609375
0 0.12109375 0.71484375 0.0921875 0.08125
0 0.18046875 0.67421875 0.0890625 0.0859375
0 0.371875 0.60234375 0.1125 0.096875
0 0.4296875 0.58203125 0.0546875 0.053125
0 0.6359375 0.653125 0.05625 0.0484375
0 0.46328125 0.6359375 0.078125 0.06875
0 0.415625 0.653125 0.0640625 0.0609375
0 0.63984375 0.5625 0.0609375 0.0578125
0 0.67890625 0.546875 0.0515625 0.04375
0 0.65703125 0.5078125 0.0890625 0.078125
0 0.65703125 0.45625 0.059375 0.0515625
0 0.55859375 0.490625 0.0484375 0.040625
0 0.58984375 0.54375 0.0578125 0.046875
0 0.5921875 0.58203125 0.0671875 0.053125
0 0.3375 0.51484375 0.1046875 0.0984375
0 0.26171875 0.59609375 0.1375 0.103125
0 0.2171875 0.56171875 0.0890625 0.0625
0 0.11640625 0.65 0.1203125 0.090625
0 0.07421875 0.61328125 0.09375 0.075
0 0.02578125 0.5671875 0.0515625 0.065625
0 0.0703125 0.54765625 0.0796875 0.06875
0 0.16796875 0.4875 0.0921875 0.071875
0 0.2109375 0.4734375 0.06875 0.0625
0 0.2875 0.475 0.090625 0.0734375
0 0.39765625 0.46328125 0.09375 0.0796875
0 0.01953125 0.4265625 0.0390625 0.11875
0 0.065625 0.39765625 0.13125 0.1203125
0 0.06328125 0.30859375 0.1265625 0.1515625
0 0.07890625 0.23828125 0.1578125 0.1296875
0 0.19921875 0.340625 0.1203125 0.1046875
0 0.265625 0.3578125 0.05625 0.0484375
0 0.30546875 0.31875 0.0625 0.053125
0 0.46171875 0.2515625 0.0796875 0.0703125
0 0.375 0.23828125 0.0828125 0.06875
0 0.26484375 0.2171875 0.1328125 0.10625
0 0.27265625 0.27578125 0.0765625 0.0625
0 0.3703125 0.178125 0.10625 0.0921875
0 0.4515625 0.19609375 0.071875 0.0640625
0 0.48203125 0.2125 0.059375 0.05
0 0.54453125 0.16484375 0.0796875 0.0671875
0 0.51875 0.13828125 0.0953125 0.0828125
0 0.5375 0.0921875 0.0640625 0.05625
0 0.4578125 0.0765625 0.1 0.0796875
0 0.39453125 0.128125 0.0921875 0.08125
0 0.26171875 0.11796875 0.1 0.084375
0 0.19921875 0.09609375 0.0640625 0.053125
0 0.15859375 0.12109375 0.078125 0.0734375
0 0.0515625 0.1515625 0.0734375 0.0578125
0 0.65546875 0.0828125 0.090625 0.078125
0 0.65703125 0.04375 0.0640625 0.0546875
0 0.72890625 0.0140625 0.0765625 0.028125
0 0.7703125 0.0046875 0.05 0.009375
0 0.778125 0.025 0.0625 0.05
0 0.8140625 0.06484375 0.0734375 0.0609375
0 0.765625 0.103125 0.071875 0.0640625
0 0.67890625 0.1390625 0.0671875 0.0609375
0 0.5609375 0.19765625 0.084375 0.071875
0 0.3921875 0.2796875 0.0796875 0.0703125