0 0.96953125 0.709375 0.0609375 0.071875
0 0.921875 0.74140625 0.078125 0.0703125
0 0.88125 0.77421875 0.0765625 0.0671875
0 0.95 0.634375 0.0640625 0.05
0 0.93359375 0.609375 0.059375 0.0578125
0 0.984375 0.6078125 0.03125 0.05625
0 0.94453125 0.66953125 0.08125 0.0734375
0 0.87890625 0.68515625 0.084375 0.0703125
0 0.8453125 0.65625 0.0703125 0.0609375
0 0.8375 0.753125 0.071875 0.0640625
0 0.80078125 0.78671875 0.0609375 0.0578125
0 0.796875 0.73125 0.06875 0.0640625
0 0.74765625 0.7828125 0.10625 0.09375
0 0.74375 0.83203125 0.075 0.0703125
0 0.6828125 0.8265625 0.0859375 0.0734375
0 0.68671875 0.86640625 0.06875 0.0625
0 0.65703125 0.89375 0.084375 0.0796875
0 0.6328125 0.92890625 0.0671875 0.0640625
0 0.6125 0.88984375 0.0703125 0.0609375
0 0.5609375 0.9625 0.08125 0.075
0 0.45546875 0.9671875 0.0984375 0.065625
0 0.36953125 0.9609375 0.0796875 0.0703125
0 0.51484375 0.91015625 0.1109375 0.0953125
0 0.4796875 0.88671875 0.0765625 0.0640625
0 0.53203125 0.8515625 0.0796875 0.06875
0 0.59609375 0.825 0.0640625 0.0546875
0 0.58359375 0.7859375 0.08125 0.0703125
0 0.6578125 0.75078125 0.071875 0.0671875
0 0.746875 0.72265625 0.0875 0.0765625
0 0.76953125 0.6859375 0.0765625 0.0671875
0 0.7046875 0.64140625 0.06875 0.0625
0 0.68125 0.71015625 0.0671875 0.0609375
0 0.634375 0.671875 0.046875 0.0421875
0 0.60078125 0.7140625 0.0640625 0.0609375
0 0.59140625 0.75234375 0.0609375 0.05
0 0.5515625 0.73671875 0.065625 0.0609375
0 0.5078125 0.778125 0.06875 0.0640625
0 0.46015625 0.82109375 0.1125 0.103125
0 0.4 0.84765625 0.0796875 0.0765625
0 0.40390625 0.89921875 0.0875 0.071875
0 0.290625 0.96328125 0.08125 0.0734375
0 0.315625 0.91640625 0.084375 0.0734375
0 0.32734375 0.86875 0.09375 0.0828125
0 0.19453125 0.97890625 0.0515625 0.0421875
0 0.22109375 0.85859375 0.1265625 0.103125
0 0.175 0.83828125 0.0828125 0.0671875
0 0.32734375 0.803125 0.128125 0.10625
0 0.4296875 0.7375 0.0734375 0.0671875
0 0.62265625 0.6359375 0.0359375 0.0328125
0 0.628125 0.59296875 0.05 0.04375
0 0.58515625 0.61875 0.0390625 0.0359375
0 0.56171875 0.678125 0.0359375 0.03125
0 0.4640625 0.6890625 0.040625 0.0359375
0 0.375 0.6703125 0.078125 0.0671875
0 0.26875 0.76328125 0.1359375 0.1125
0 0.18203125 0.775 0.1109375 0.096875
0 0.12734375 0.83984375 0.05625 0.0625
0 0.140625 0.746875 0.09375 0.0828125
0 0.196875 0.7015625 0.09375 0.0921875
0 0.38125 0.61328125 0.115625 0.103125
0 0.4375 0.5875 0.065625 0.0640625
0 0.6484375 0.64140625 0.0515625 0.0421875
0 0.475 0.63828125 0.0828125 0.0765625
0 0.4296875 0.659375 0.0671875 0.0640625
0 0.64453125 0.55 0.059375 0.0546875
0 0.6828125 0.53125 0.0578125 0.053125
0 0.6578125 0.49375 0.0921875 0.0828125
0 0.65234375 0.44296875 0.05625 0.046875
0 0.5578125 0.48515625 0.05 0.04375
0 0.59375 0.5359375 0.0625 0.0546875
0 0.59921875 0.5734375 0.06875 0.0578125
0 0.33984375 0.52890625 0.1078125 0.1015625
0 0.2703125 0.61640625 0.1421875 0.11875
0 0.22421875 0.58671875 0.0875 0.0640625
0 0.13046875 0.6828125 0.1234375 0.1015625
0 0.0859375 0.65 0.1015625 0.0875
0 0.0296875 0.60859375 0.059375 0.0671875
0 0.07578125 0.58515625 0.0828125 0.075
0 0.16796875 0.5171875 0.1015625 0.0890625
0 0.209375 0.4984375 0.0703125 0.0640625
0 0.2859375 0.49375 0.103125 0.0921875
0 0.39453125 0.47265625 0.096875 0.0859375
0 0.0171875 0.471875 0.034375 0.121875
0 0.06015625 0.43671875 0.1203125 0.1140625
0 0.05703125 0.35 0.1140625 0.159375
0 0.07265625 0.2765625 0.1453125 0.1625
0 0.18671875 0.36796875 0.128125 0.1171875
0 0.25390625 0.37890625 0.0546875 0.046875
0 0.28984375 0.33671875 0.0640625 0.05625
0 0.440625 0.25625 0.075 0.065625
0 0.35234375 0.25 0.0859375 0.075
0 0.24140625 0.2390625 0.140625 0.1203125
0 0.25390625 0.296875 0.0765625 0.0640625
0 0.34296875 0.190625 0.1015625 0.0890625
0 0.425 0.2015625 0.065625 0.0578125
0 0.45703125 0.21484375 0.0640625 0.0578125
0 0.51484375 0.16171875 0.0765625 0.0625
0 0.4875 0.13828125 0.090625 0.078125
0 0.50234375 0.090625 0.0640625 0.0578125
0 0.42109375 0.08125 0.0984375 0.0796875
0 0.3625 0.1390625 0.0890625 0.078125
0 0.2296875 0.13984375 0.1078125 0.096875
0 0.165625 0.125 0.06875 0.0578125
0 0.12734375 0.153125 0.084375 0.0796875
0 0.03125 0.1921875 0.0625 0.065625
0 0.61875 0.0703125 0.0890625 0.0765625
0 0.6171875 0.03203125 0.0625 0.053125
0 0.73515625 0.0125 0.0578125 0.025
0 0.775 0.0390625 0.0796875 0.071875
0 0.7296875 0.08125 0.08125 0.075
0 0.646875 0.125 0.0640625 0.0578125
0 0.534375 0.19375 0.078125 0.0640625
0 0.3734375 0.28984375 0.078125 0.06875