0 0.50703125 0.49609375 0.271875 0.4078125
0 0.28046875 0.41796875 0.3515625 0.4015625
0 0.11171875 0.5 0.2234375 0.26875
0 0.77578125 0.46640625 0.2828125 0.3203125
0 0.8296875 0.21328125 0.215625 0.3046875
0 0.68984375 0.17109375 0.2328125 0.3421875
0 0.51953125 0.20078125 0.3015625 0.4015625
0 0.3171875 0.14453125 0.2765625 0.2703125
0 0.1296875 0.2390625 0.259375 0.34375
0 0.21875 0.7265625 0.296875 0.3734375
0 0.384375 0.65234375 0.209375 0.2296875
0 0.6859375 0.70703125 0.334375 0.3921875
0 0.921875 0.62734375 0.15625 0.3296875
0 0.909375 0.3890625 0.18125 0.265625
0 0.82890625 0.68984375 0.15 0.1875
0 0.8859375 0.83984375 0.16875 0.1734375
0 0.54453125 0.85625 0.2546875 0.2875
0 0.29453125 0.9046875 0.2328125 0.190625
0 0.15625 0.90546875 0.165625 0.1890625
0 0.08359375 0.6984375 0.1671875 0.35625