0 0.503125 0.50703125 0.4109375 0.26875
0 0.6078125 0.2921875 0.3546875 0.2859375
0 0.54765625 0.109375 0.2546875 0.21875
0 0.49921875 0.778125 0.29375 0.24375
0 0.74453125 0.8625 0.309375 0.221875
0 0.81171875 0.7296875 0.3515625 0.203125
0 0.7953125 0.55859375 0.409375 0.2953125
0 0.8734375 0.3625 0.2515625 0.2625
0 0.80703125 0.14140625 0.3234375 0.2796875
0 0.309375 0.19296875 0.3421875 0.2421875
0 0.36328125 0.3671875 0.2109375 0.1875
0 0.271875 0.659375 0.3578125 0.275
0 0.3171875 0.9296875 0.303125 0.140625
0 0.559375 0.92109375 0.253125 0.1578125
0 0.27109375 0.80390625 0.1875 0.1484375
0 0.115625 0.8421875 0.1609375 0.1546875
0 0.1390625 0.5 0.278125 0.234375
0 0.10234375 0.24375 0.2046875 0.196875
0 0.1140625 0.10390625 0.228125 0.1390625
0 0.35390625 0.065625 0.3578125 0.13125