0 0.7328125 0.425 0.23125 0.221875
0 0.61171875 0.246875 0.278125 0.2640625
0 0.4421875 0.11875 0.234375 0.2375
0 0.63515625 0.07421875 0.2890625 0.1484375
0 0.71015625 0.14296875 0.284375 0.2390625
0 0.4609375 0.67890625 0.21875 0.175
0 0.571875 0.4859375 0.265625 0.24375
0 0.409375 0.5296875 0.196875 0.175
0 0.36171875 0.39140625 0.3046875 0.2640625
0 0.33046875 0.2265625 0.2328125 0.2171875
0 0.07734375 0.26875 0.1546875 0.284375
0 0.06171875 0.50078125 0.1234375 0.2078125
0 0.1578125 0.459375 0.1984375 0.165625
0 0.13828125 0.60078125 0.2765625 0.2078125
0 0.1734375 0.75 0.253125 0.2265625