0 0.63046875 0.57578125 0.1125 0.0859375
0 0.52265625 0.58671875 0.1109375 0.109375
0 0.45703125 0.58359375 0.0671875 0.0609375
0 0.51015625 0.44375 0.08125 0.08125
0 0.4359375 0.37578125 0.08125 0.0625
0 0.28984375 0.1890625 0.0703125 0.0578125
0 0.6125 0.31640625 0.0734375 0.0578125
0 0.81796875 0.35390625 0.0765625 0.0703125
0 0.75859375 0.14140625 0.09375 0.0890625
0 0.70859375 0.12890625 0.05625 0.0640625
0 0.6703125 0.1203125 0.0546875 0.059375
0 0.59375 0.12265625 0.059375 0.0515625
0 0.68046875 0.19140625 0.071875 0.05625
0 0.68125 0.51875 0.0640625 0.05625
0 0.60703125 0.24609375 0.0828125 0.075
0 0.578125 0.39921875 0.103125 0.0890625
0 0.47265625 0.6828125 0.0484375 0.05
0 0.5828125 0.684375 0.0875 0.075
0 0.63828125 0.7203125 0.0390625 0.0359375
0 0.5015625 0.71328125 0.040625 0.0390625
0 0.5328125 0.7109375 0.053125 0.046875