0 0.45078125 0.6421875 0.06875 0.10625
0 0.41953125 0.53828125 0.09375 0.09375
0 0.41015625 0.47421875 0.0484375 0.05625
0 0.55703125 0.49921875 0.0734375 0.071875
0 0.609375 0.4140625 0.0546875 0.0796875
0 0.76484375 0.234375 0.0484375 0.065625
0 0.7015625 0.57578125 0.0578125 0.075
0 0.70390625 0.78359375 0.0578125 0.0671875
0 0.9015625 0.68515625 0.078125 0.0828125
0 0.9046875 0.63359375 0.0625 0.053125
0 0.9046875 0.5953125 0.0546875 0.05
0 0.88828125 0.5203125 0.0484375 0.059375
0 0.8375 0.61796875 0.046875 0.0671875
0 0.51640625 0.68125 0.0421875 0.0546875
0 0.76953125 0.55703125 0.0640625 0.0765625
0 0.6140625 0.5578125 0.090625 0.1046875
0 0.315625 0.5078125 0.0421875 0.0421875
0 0.334375 0.61640625 0.0640625 0.08125
0 0.31015625 0.678125 0.03125 0.034375
0 0.290625 0.5421875 0.03125 0.034375
0 0.29921875 0.57265625 0.0453125 0.053125