0 0.4421875 0.58828125 0.221875 0.321875
0 0.48125 0.30078125 0.2140625 0.303125
0 0.31015625 0.16171875 0.20625 0.259375
0 0.1421875 0.38359375 0.1734375 0.2234375
0 0.3203125 0.459375 0.1734375 0.2171875
0 0.26640625 0.5484375 0.1125 0.1578125
0 0.27109375 0.69296875 0.18125 0.2125
0 0.1703125 0.6390625 0.15 0.1546875
0 0.146875 0.54765625 0.1046875 0.13125
0 0.07109375 0.5328125 0.1421875 0.1875
0 0.078125 0.74765625 0.090625 0.140625
0 0.14140625 0.9328125 0.1203125 0.134375
0 0.2953125 0.975 0.10625 0.05
0 0.41875 0.9609375 0.1125 0.078125
0 0.54453125 0.94453125 0.1109375 0.1109375
0 0.446875 0.784375 0.10625 0.1234375
0 0.6625 0.6609375 0.1265625 0.1828125
0 0.5390625 0.85078125 0.0921875 0.1125
0 0.73828125 0.8515625 0.1328125 0.1140625
0 0.69765625 0.75 0.1515625 0.16875
0 0.71875 0.63046875 0.134375 0.14375
0 0.68203125 0.51484375 0.1578125 0.1734375
0 0.5640625 0.41484375 0.0921875 0.1234375
0 0.6921875 0.215625 0.19375 0.2734375
0 0.5671875 0.19765625 0.2046875 0.2203125
0 0.89609375 0.23359375 0.140625 0.1890625
0 0.9171875 0.43203125 0.165625 0.1828125
0 0.88046875 0.68828125 0.175 0.2359375
0 0.9625 0.6421875 0.075 0.15625