0 0.61875 0.15234375 0.075 0.0953125
0 0.67890625 0.11796875 0.0640625 0.08125
0 0.709375 0.4796875 0.075 0.0953125
0 0.634375 0.478125 0.0921875 0.0828125
0 0.3515625 0.46875 0.075 0.075
0 0.065625 0.6421875 0.0625 0.08125
0 0.14765625 0.6265625 0.0609375 0.0671875
0 0.3203125 0.9640625 0.0625 0.06875
0 0.38984375 0.95703125 0.04375 0.0578125
0 0.58046875 0.72265625 0.0765625 0.071875
0 0.70078125 0.7125 0.05 0.0375
0 0.69453125 0.5984375 0.0578125 0.071875
0 0.63046875 0.61171875 0.0609375 0.084375
0 0.56796875 0.59609375 0.0609375 0.078125
0 0.5625 0.625 0.0390625 0.046875
0 0.05 0.34609375 0.1 0.1296875
0 0.04296875 0.225 0.0859375 0.11875
0 0.265625 0.18125 0.1109375 0.115625
0 0.09140625 0.07890625 0.134375 0.1125
0 0.5125 0.1171875 0.0765625 0.078125
0 0.5 0.0421875 0.09375 0.084375
0 0.6046875 0.0515625 0.0875 0.084375
0 0.70546875 0.0234375 0.0734375 0.046875
0 0.5078125 0.1875 0.0828125 0.0765625
0 0.41796875 0.23046875 0.0578125 0.0796875
0 0.3328125 0.38359375 0.084375 0.0734375
0 0.25 0.35703125 0.0828125 0.084375
0 0.24609375 0.49453125 0.065625 0.0828125
0 0.5359375 0.4203125 0.0546875 0.06875
0 0.64296875 0.38046875 0.0515625 0.05625
0 0.728125 0.38828125 0.053125 0.0484375
0 0.64609375 0.871875 0.0515625 0.06875
0 0.684375 0.77421875 0.046875 0.059375
0 0.63515625 0.82421875 0.0375 0.0359375
0 0.57109375 0.8296875 0.0578125 0.059375
0 0.06640625 0.871875 0.0890625 0.1