0 0.7671875 0.6125 0.16875 0.16875
0 0.81953125 0.5078125 0.1265625 0.1296875
0 0.8265625 0.76796875 0.1078125 0.1203125
0 0.4578125 0.8390625 0.1265625 0.1421875
0 0.5984375 0.6375 0.1109375 0.11875
0 0.4875 0.578125 0.1078125 0.10625
0 0.51640625 0.37109375 0.1046875 0.121875
0 0.578125 0.35546875 0.1203125 0.1265625
0 0.47734375 0.18828125 0.084375 0.0703125
0 0.390625 0.175 0.084375 0.0859375
0 0.31328125 0.18359375 0.08125 0.0828125
0 0.28515625 0.12265625 0.0875 0.1
0 0.5109375 0.12421875 0.1125 0.115625
0 0.175 0.39921875 0.084375 0.0953125
0 0.346875 0.8296875 0.115625 0.128125
0 0.3703125 0.7078125 0.1234375 0.1265625