0 0.559375 0.78359375 0.1515625 0.1515625
0 0.446875 0.81484375 0.1046875 0.0984375
0 0.70078125 0.87109375 0.1046875 0.0859375
0 0.840625 0.5234375 0.13125 0.109375
0 0.615625 0.62265625 0.0953125 0.08125
0 0.57890625 0.503125 0.09375 0.096875
0 0.3703125 0.49140625 0.115625 0.09375
0 0.34296875 0.54921875 0.109375 0.1
0 0.1984375 0.41796875 0.0578125 0.078125
0 0.20234375 0.33046875 0.0875 0.0859375
0 0.225 0.25703125 0.0734375 0.0734375
0 0.17109375 0.2171875 0.0921875 0.075
0 0.12890625 0.4390625 0.109375 0.1078125
0 0.46328125 0.1625 0.0953125 0.0828125
0 0.853125 0.4125 0.109375 0.0890625
0 0.728125 0.4125 0.1 0.0953125