0 0.8109375 0.55625 0.378125 0.290625
0 0.77578125 0.74140625 0.2109375 0.1515625
0 0.85 0.89375 0.128125 0.115625
0 0.63203125 0.84765625 0.1390625 0.084375
0 0.64921875 0.92265625 0.075 0.0828125
0 0.5703125 0.9046875 0.0765625 0.05625
0 0.6609375 0.0953125 0.321875 0.190625
0 0.70078125 0.2375 0.2109375 0.1484375
0 0.659375 0.33671875 0.165625 0.109375
0 0.59609375 0.4375 0.1296875 0.0828125
0 0.50234375 0.49140625 0.10625 0.08125
0 0.5125 0.35234375 0.071875 0.05
0 0.45 0.30703125 0.0890625 0.06875
0 0.5234375 0.20078125 0.10625 0.05625
0 0.36953125 0.23515625 0.059375 0.0453125
0 0.3265625 0.0953125 0.1015625 0.075
0 0.85078125 0.17890625 0.0828125 0.0609375
0 0.4734375 0.5734375 0.0890625 0.06875