0 0.66796875 0.22265625 0.3421875 0.428125
0 0.82421875 0.32890625 0.1875 0.2296875
0 0.96328125 0.3140625 0.0734375 0.140625
0 0.871875 0.50078125 0.115625 0.15
0 0.9484375 0.5125 0.084375 0.0765625
0 0.903125 0.5796875 0.05625 0.0765625
0 0.171875 0.20078125 0.2828125 0.3546875
0 0.32734375 0.21875 0.159375 0.2140625
0 0.4046875 0.29296875 0.15625 0.1875
0 0.4765625 0.3875 0.1015625 0.1375
0 0.49296875 0.49453125 0.1015625 0.11875
0 0.36640625 0.4359375 0.0625 0.0796875
0 0.3015625 0.47734375 0.075 0.09375
0 0.22890625 0.37109375 0.08125 0.1140625
0 0.20625 0.52734375 0.05 0.0640625
0 0.06015625 0.5171875 0.0953125 0.1125
0 0.32578125 0.0578125 0.0734375 0.090625
0 0.559375 0.55078125 0.0703125 0.0890625