0 0.19609375 0.471875 0.3921875 0.35625
0 0.17109375 0.66171875 0.234375 0.196875
0 0.06484375 0.78984375 0.1296875 0.1296875
0 0.28203125 0.8015625 0.1515625 0.11875
0 0.24609375 0.8703125 0.090625 0.0953125
0 0.32734375 0.87265625 0.084375 0.0703125
0 0.45078125 0.09453125 0.3390625 0.1890625
0 0.37421875 0.19453125 0.2390625 0.203125
0 0.38828125 0.3015625 0.184375 0.1484375
0 0.42265625 0.41484375 0.134375 0.1
0 0.5 0.490625 0.121875 0.10625
0 0.5265625 0.35390625 0.0734375 0.05625
0 0.5984375 0.3265625 0.090625 0.0734375
0 0.5546875 0.2046875 0.1125 0.078125
0 0.69453125 0.278125 0.0609375 0.0484375
0 0.771875 0.15390625 0.1125 0.0953125
0 0.24453125 0.09921875 0.0953125 0.0828125
0 0.50625 0.578125 0.0953125 0.08125