0 0.78984375 0.4234375 0.140625 0.14375
0 0.88984375 0.38984375 0.1171875 0.1140625
0 0.93671875 0.43515625 0.1265625 0.1390625
0 0.43203125 0.52109375 0.1640625 0.171875
0 0.50078125 0.55625 0.0984375 0.10625
0 0.228125 0.25703125 0.1171875 0.1359375
0 0.41171875 0.19921875 0.0953125 0.1078125
0 0.465625 0.159375 0.1515625 0.15625
0 0.6453125 0.0828125 0.13125 0.1265625
0 0.9609375 0.68828125 0.078125 0.1109375
0 0.91640625 0.73984375 0.09375 0.11875
0 0.8265625 0.8140625 0.1078125 0.1296875
0 0.68125 0.7640625 0.125 0.0984375