0 0.61171875 0.221875 0.146875 0.1453125
0 0.65703125 0.1265625 0.11875 0.1203125
0 0.61796875 0.06875 0.1296875 0.125
0 0.4703125 0.56484375 0.16875 0.1609375
0 0.44453125 0.4921875 0.1234375 0.11875
0 0.7078125 0.79921875 0.1421875 0.128125
0 0.78828125 0.62421875 0.11875 0.1109375
0 0.83359375 0.57578125 0.146875 0.14375
0 0.93046875 0.40625 0.1390625 0.14375
0 0.3703125 0.0296875 0.1125 0.059375
0 0.3125 0.05703125 0.1171875 0.096875
0 0.228125 0.13828125 0.140625 0.128125
0 0.26015625 0.28828125 0.1203125 0.1375