0 0.56328125 0.20703125 0.1265625 0.1203125
0 0.57890625 0.103125 0.09375 0.096875
0 0.64296875 0.0765625 0.11875 0.1109375
0 0.48828125 0.5703125 0.153125 0.14375
0 0.55078125 0.525 0.1015625 0.0921875
0 0.16015625 0.63203125 0.121875 0.09375
0 0.1921875 0.44140625 0.1078125 0.0953125
0 0.18125 0.37578125 0.13125 0.1234375
0 0.19453125 0.18125 0.1046875 0.1125
0 0.10234375 0.03828125 0.0796875 0.0765625
0 0.11796875 0.01015625 0.0921875 0.0203125
0 0.8828125 0.1640625 0.096875 0.0828125
0 0.903125 0.23828125 0.115625 0.0890625
0 0.92734375 0.3515625 0.1234375 0.096875
0 0.8171875 0.45859375 0.0953125 0.1265625