0 0.74453125 0.29609375 0.15625 0.1640625
0 0.7828125 0.40859375 0.1515625 0.14375
0 0.47109375 0.34921875 0.11875 0.134375
0 0.42578125 0.4 0.15 0.1515625
0 0.27578125 0.28203125 0.0859375 0.0734375
0 0.24921875 0.2 0.10625 0.0984375
0 0.19453125 0.3390625 0.125 0.13125
0 0.1546875 0.39609375 0.09375 0.0921875
0 0.10390625 0.36015625 0.084375 0.0875
0 0.19921875 0.67734375 0.0984375 0.096875
0 0.52890625 0.58046875 0.1203125 0.125
0 0.62734375 0.8484375 0.1140625 0.121875
0 0.7015625 0.78046875 0.09375 0.0984375
0 0.63828125 0.7 0.09375 0.1109375
0 0.76328125 0.72890625 0.0640625 0.071875
0 0.909375 0.48046875 0.1453125 0.128125
0 0.55390625 0.7515625 0.1109375 0.109375