0 0.80625 0.41328125 0.11875 0.1328125
0 0.7953125 0.53125 0.1125 0.096875
0 0.53515625 0.35078125 0.096875 0.11875
0 0.47265625 0.378125 0.0984375 0.1015625
0 0.38359375 0.209375 0.075 0.053125
0 0.39296875 0.12421875 0.0875 0.0703125
0 0.2859375 0.22890625 0.0953125 0.1078125
0 0.2265625 0.26484375 0.0703125 0.0671875
0 0.1953125 0.2109375 0.0625 0.0671875
0 0.153125 0.53984375 0.0734375 0.071875
0 0.49375 0.58515625 0.090625 0.0984375
0 0.47421875 0.8703125 0.0828125 0.0984375
0 0.5703125 0.83828125 0.0703125 0.078125
0 0.54453125 0.7390625 0.0625 0.0953125
0 0.64765625 0.81640625 0.0453125 0.059375
0 0.88203125 0.6484375 0.11875 0.0859375
0 0.446875 0.7515625 0.0765625 0.0765625