0 0.4359375 0.275 0.4578125 0.390625
0 0.37890625 0.11953125 0.3890625 0.2390625
0 0.17578125 0.31484375 0.3515625 0.3890625
0 0.19375 0.6421875 0.3875 0.365625
0 0.2265625 0.85859375 0.303125 0.2828125
0 0.3421875 0.93515625 0.371875 0.1296875
0 0.35234375 0.8421875 0.3734375 0.315625
0 0.48984375 0.57421875 0.43125 0.4078125
0 0.6140625 0.81640625 0.4125 0.3609375
0 0.6234375 0.9109375 0.3125 0.178125
0 0.74921875 0.62265625 0.3953125 0.33125
0 0.684375 0.40390625 0.371875 0.3390625
0 0.7359375 0.1234375 0.29375 0.246875
0 0.08671875 0.1953125 0.1734375 0.184375
0 0.01875 0.2796875 0.0375 0.225
0 0.34140625 0.4796875 0.325 0.2890625
0 0.728125 0.06484375 0.26875 0.1296875
0 0.8046875 0.275 0.31875 0.2859375
0 0.88046875 0.44375 0.2390625 0.246875
0 0.96328125 0.68046875 0.0734375 0.2140625
0 0.853125 0.74921875 0.29375 0.2859375