0 0.88203125 0.46484375 0.2359375 0.2453125
0 0.9421875 0.621875 0.115625 0.215625
0 0.8265625 0.73046875 0.25 0.2359375
0 0.740625 0.615625 0.209375 0.175
0 0.6984375 0.5109375 0.1828125 0.165625
0 0.71171875 0.2859375 0.109375 0.1125
0 0.60859375 0.8390625 0.1765625 0.1546875
0 0.55703125 0.75546875 0.1875 0.15
0 0.49921875 0.7 0.146875 0.14375
0 0.53046875 0.60390625 0.121875 0.1109375
0 0.33828125 0.771875 0.2234375 0.1953125
0 0.3921875 0.83984375 0.2078125 0.190625
0 0.24453125 0.93125 0.2109375 0.1375
0 0.203125 0.8765625 0.146875 0.1265625
0 0.16484375 0.7953125 0.1859375 0.171875
0 0.14375 0.71484375 0.1375 0.1328125
0 0.20703125 0.65625 0.1578125 0.15625
0 0.35703125 0.6875 0.159375 0.134375
0 0.28984375 0.47421875 0.10625 0.0921875
0 0.284375 0.53359375 0.1015625 0.0828125
0 0.27109375 0.43671875 0.1015625 0.0953125
0 0.44765625 0.5015625 0.121875 0.1046875
0 0.40390625 0.42421875 0.1453125 0.1296875
0 0.57265625 0.45703125 0.1046875 0.1046875
0 0.6453125 0.38671875 0.128125 0.1125
0 0.62421875 0.33203125 0.134375 0.1140625
0 0.590625 0.2828125 0.1171875 0.109375
0 0.7796875 0.3484375 0.1046875 0.09375