0 0.88515625 0.4921875 0.2296875 0.225
0 0.93359375 0.3265625 0.1328125 0.221875
0 0.80078125 0.23671875 0.2296875 0.209375
0 0.72734375 0.359375 0.2140625 0.178125
0 0.69609375 0.46875 0.1734375 0.1515625
0 0.7328125 0.69140625 0.0875 0.0953125
0 0.571875 0.1515625 0.1796875 0.153125
0 0.5296875 0.240625 0.1859375 0.14375
0 0.478125 0.30078125 0.1328125 0.1296875
0 0.51953125 0.39296875 0.125 0.1125
0 0.3109375 0.246875 0.2140625 0.175
0 0.35703125 0.17265625 0.2046875 0.1875
0 0.20078125 0.08671875 0.2 0.1296875
0 0.16484375 0.15703125 0.1390625 0.1109375
0 0.13671875 0.240625 0.1921875 0.178125
0 0.1234375 0.3234375 0.125 0.1171875
0 0.1921875 0.375 0.1484375 0.146875
0 0.33828125 0.328125 0.1578125 0.128125
0 0.29375 0.54765625 0.1109375 0.096875
0 0.28203125 0.4890625 0.10625 0.0859375
0 0.27890625 0.58671875 0.0953125 0.0875
0 0.44765625 0.50390625 0.128125 0.1109375
0 0.4125 0.58515625 0.1421875 0.125
0 0.5765625 0.53515625 0.1 0.1
0 0.65625 0.59765625 0.1265625 0.1078125
0 0.64140625 0.65390625 0.128125 0.103125
0 0.61328125 0.70625 0.103125 0.0921875
0 0.79453125 0.621875 0.1015625 0.0875