0 0.36640625 0.58671875 0.15625 0.134375
0 0.1578125 0.38203125 0.1859375 0.1625
0 0.26953125 0.9421875 0.1359375 0.115625
0 0.5375 0.95625 0.11875 0.0875
0 0.89296875 0.79375 0.14375 0.128125
0 0.60625 0.54609375 0.2421875 0.221875
0 0.7703125 0.59609375 0.171875 0.15625
0 0.85546875 0.66171875 0.1171875 0.1046875
0 0.87421875 0.72421875 0.0921875 0.0875
0 0.725 0.0984375 0.1515625 0.1359375
0 0.67734375 0.05390625 0.1671875 0.1078125
0 0.55078125 0.2453125 0.190625 0.1703125
0 0.51171875 0.36328125 0.1546875 0.14375
0 0.4828125 0.44609375 0.153125 0.128125
0 0.56875 0.44765625 0.15625 0.134375
0 0.421875 0.03984375 0.1125 0.0796875
0 0.5171875 0.01328125 0.140625 0.0265625
0 0.53203125 0.03984375 0.1203125 0.0796875
0 0.58515625 0.0859375 0.1015625 0.08125
0 0.38046875 0.209375 0.140625 0.115625