0 0.65703125 0.475 0.159375 0.134375
0 0.67578125 0.18359375 0.171875 0.1390625
0 0.95390625 0.68203125 0.0921875 0.1296875
0 0.78359375 0.87109375 0.109375 0.0890625
0 0.403125 0.9609375 0.1375 0.078125
0 0.45234375 0.60546875 0.2328125 0.2078125
0 0.36328125 0.75234375 0.1671875 0.1453125
0 0.34375 0.8578125 0.1171875 0.1046875
0 0.371875 0.9171875 0.096875 0.0921875
0 0.065625 0.3515625 0.13125 0.115625
0 0.065625 0.2671875 0.13125 0.153125
0 0.2921875 0.3453125 0.1734375 0.140625
0 0.4 0.40625 0.14375 0.1296875
0 0.4765625 0.4484375 0.15625 0.128125
0 0.4140625 0.5078125 0.1484375 0.115625
0 0.24140625 0.09765625 0.109375 0.1
0 0.13515625 0.11875 0.1359375 0.0859375
0 0.15703125 0.16875 0.1125 0.0984375
0 0.159375 0.24921875 0.10625 0.0859375
0 0.39375 0.20390625 0.134375 0.0953125