0 0.16484375 0.8328125 0.3296875 0.271875
0 0.15390625 0.5734375 0.3078125 0.346875
0 0.5828125 0.84921875 0.43125 0.3015625
0 0.82734375 0.76796875 0.2828125 0.234375
0 0.6828125 0.1609375 0.61875 0.321875
0 0.3109375 0.165625 0.459375 0.33125
0 0.19140625 0.3203125 0.3765625 0.35625
0 0.7046875 0.38828125 0.590625 0.4546875
0 0.85390625 0.55546875 0.2921875 0.2484375
0 0.62421875 0.60234375 0.5171875 0.365625
0 0.7859375 0.9265625 0.290625 0.146875
0 0.36171875 0.70703125 0.3078125 0.2734375
0 0.36875 0.5171875 0.3515625 0.3171875