0 0.26015625 0.11484375 0.4140625 0.2296875
0 0.17734375 0.3109375 0.346875 0.340625
0 0.70078125 0.1734375 0.4234375 0.346875
0 0.8703125 0.3515625 0.259375 0.271875
0 0.5609375 0.85 0.61875 0.3
0 0.22109375 0.77890625 0.4421875 0.4203125
0 0.1609375 0.56796875 0.321875 0.3234375
0 0.66328125 0.67421875 0.5875 0.41875
0 0.86015625 0.56484375 0.2796875 0.2015625
0 0.65078125 0.44375 0.5171875 0.3734375
0 0.884375 0.15625 0.23125 0.240625
0 0.43671875 0.259375 0.303125 0.2671875
0 0.38125 0.440625 0.346875 0.3125