0 0.51484375 0.63046875 0.24375 0.2515625
0 0.684375 0.78359375 0.253125 0.2765625
0 0.4640625 0.8796875 0.271875 0.240625
0 0.3140625 0.83359375 0.2140625 0.215625
0 0.178125 0.5484375 0.20625 0.2140625
0 0.22890625 0.31171875 0.228125 0.234375
0 0.3265625 0.45859375 0.2125 0.2375
0 0.0796875 0.61171875 0.159375 0.1984375
0 0.05859375 0.4921875 0.1171875 0.128125
0 0.03125 0.3765625 0.0625 0.175
0 0.61015625 0.2328125 0.1765625 0.1890625
0 0.78984375 0.303125 0.153125 0.165625
0 0.66640625 0.08203125 0.1546875 0.1640625