0 0.421875 0.60546875 0.2875 0.28125
0 0.1984375 0.65390625 0.29375 0.2734375
0 0.33125 0.8625 0.2796875 0.275
0 0.49453125 0.88203125 0.2078125 0.20625
0 0.7546875 0.703125 0.2296875 0.2234375
0 0.82890625 0.47265625 0.2421875 0.2359375
0 0.67109375 0.55078125 0.2578125 0.2375
0 0.81640625 0.8125 0.1953125 0.178125
0 0.89140625 0.7171875 0.140625 0.14375
0 0.95859375 0.6484375 0.0828125 0.15
0 0.53828125 0.21328125 0.1765625 0.1625
0 0.34765625 0.184375 0.165625 0.153125
0 0.56484375 0.06328125 0.1609375 0.1265625