0 0.06953125 0.1390625 0.1390625 0.228125
0 0.08359375 0.38671875 0.1671875 0.2703125
0 0.1 0.671875 0.196875 0.278125
0 0.22421875 0.49453125 0.1671875 0.284375
0 0.31171875 0.69375 0.1640625 0.234375
0 0.2484375 0.25625 0.15 0.26875
0 0.48046875 0.16015625 0.1328125 0.1453125
0 0.6 0.2125 0.16875 0.2375
0 0.6984375 0.1640625 0.2 0.24375
0 0.89765625 0.10078125 0.1296875 0.2015625
0 0.88828125 0.4359375 0.2234375 0.4125
0 0.80703125 0.759375 0.1859375 0.2109375
0 0.7828125 0.5625 0.203125 0.15
0 0.82109375 0.38046875 0.1375 0.2109375
0 0.6828125 0.4078125 0.1359375 0.1734375
0 0.51875 0.53515625 0.14375 0.1875
0 0.96484375 0.7859375 0.0703125 0.21875
0 0.97265625 0.5859375 0.0546875 0.184375
0 0.40234375 0.0671875 0.0921875 0.1296875
0 0.33828125 0.16015625 0.1421875 0.15
0 0.3484375 0.45546875 0.1828125 0.1640625
0 0.35859375 0.565625 0.190625 0.15625
0 0.4625 0.403125 0.0984375 0.125
0 0.50703125 0.2984375 0.140625 0.2171875