0 0.92734375 0.18828125 0.1453125 0.2109375
0 0.7359375 0.13984375 0.315625 0.2484375
0 0.4578125 0.09765625 0.3125 0.1953125
0 0.590625 0.2390625 0.3046875 0.215625
0 0.3734375 0.2609375 0.2546875 0.2015625
0 0.809375 0.33671875 0.303125 0.234375
0 0.8296875 0.5859375 0.153125 0.140625
0 0.7421875 0.68359375 0.25625 0.1953125
0 0.7578125 0.7921875 0.25625 0.2171875
0 0.76640625 0.95859375 0.2453125 0.0828125
0 0.43828125 0.8765625 0.4359375 0.246875
0 0.1578125 0.71171875 0.228125 0.20625
0 0.353125 0.75 0.1859375 0.2234375
0 0.5140625 0.8421875 0.25 0.20625
0 0.53046875 0.70234375 0.2 0.175
0 0.46015625 0.50703125 0.2 0.1609375
0 0.0984375 0.86328125 0.196875 0.1421875
0 0.2703125 0.9234375 0.1953125 0.109375
0 0.93671875 0.54140625 0.1265625 0.1046875
0 0.87265625 0.4515625 0.1921875 0.1875
0 0.5890625 0.36953125 0.1765625 0.1921875
0 0.48125 0.3453125 0.1828125 0.2109375
0 0.60390625 0.49453125 0.1375 0.1171875
0 0.68984375 0.56875 0.234375 0.1734375