0 0.63125 0.5609375 0.178125 0.18125
0 0.75234375 0.309375 0.1734375 0.1765625
0 0.54609375 0.321875 0.121875 0.128125
0 0.5078125 0.27109375 0.1203125 0.1203125
0 0.4765625 0.47578125 0.1640625 0.19375
0 0.484375 0.89921875 0.1328125 0.134375
0 0.71015625 0.93984375 0.125 0.1078125
0 0.76015625 0.89921875 0.09375 0.0859375
0 0.8171875 0.92265625 0.0984375 0.109375
0 0.4109375 0.640625 0.125 0.1125
0 0.32421875 0.60078125 0.125 0.115625
0 0.22421875 0.45390625 0.1515625 0.14375
0 0.31640625 0.31171875 0.128125 0.134375
0 0.084375 0.46171875 0.1046875 0.1203125
0 0.13515625 0.5046875 0.1 0.1
0 0.128125 0.25703125 0.11875 0.1328125
0 0.23203125 0.2078125 0.0703125 0.0609375
0 0.24765625 0.2578125 0.1171875 0.121875
0 0.015625 0.81484375 0.03125 0.0671875
0 0.05859375 0.70625 0.1046875 0.1046875