0 0.3671875 0.55703125 0.1859375 0.1875
0 0.47265625 0.815625 0.1875 0.1890625
0 0.6015625 0.653125 0.13125 0.1359375
0 0.66484375 0.65859375 0.121875 0.121875
0 0.53359375 0.4984375 0.175 0.196875
0 0.2140625 0.22109375 0.1359375 0.1359375
0 0.04921875 0.3609375 0.0984375 0.121875
0 0.0390625 0.425 0.078125 0.09375
0 0.015625 0.453125 0.03125 0.121875
0 0.45546875 0.33984375 0.1328125 0.121875
0 0.54296875 0.3015625 0.125 0.1171875
0 0.71875 0.325 0.1484375 0.140625
0 0.76328125 0.48984375 0.125 0.1296875
0 0.80625 0.21640625 0.128125 0.1375
0 0.740625 0.22578125 0.1 0.1
0 0.9296875 0.38671875 0.1375 0.146875
0 0.89609375 0.49609375 0.0734375 0.06875
0 0.84921875 0.475 0.109375 0.1140625
0 0.64140625 0.04140625 0.0984375 0.0828125