0 0.953125 0.1484375 0.09375 0.1375
0 0.86796875 0.27578125 0.11875 0.1296875
0 0.859375 0.40078125 0.0984375 0.11875
0 0.92578125 0.346875 0.1015625 0.115625
0 0.96953125 0.290625 0.0609375 0.115625
0 0.91796875 0.45078125 0.0921875 0.1
0 0.9671875 0.4296875 0.065625 0.128125
0 0.9515625 0.5609375 0.096875 0.125
0 0.8453125 0.62265625 0.1078125 0.1140625
0 0.86875 0.48984375 0.0890625 0.0984375
0 0.38671875 0.04453125 0.075 0.0890625
0 0.4421875 0.03671875 0.1 0.0734375
0 0.35390625 0.0140625 0.0578125 0.028125
0 0.31484375 0.03203125 0.0734375 0.0640625
0 0.3390625 0.1171875 0.0796875 0.09375
0 0.4703125 0.0890625 0.078125 0.0828125
0 0.51484375 0.1375 0.0765625 0.0734375
0 0.490625 0.20625 0.0546875 0.06875
0 0.41875 0.209375 0.059375 0.0796875
0 0.3953125 0.18125 0.0546875 0.071875
0 0.265625 0.15390625 0.0578125 0.0578125
0 0.22578125 0.13203125 0.084375 0.084375
0 0.14296875 0.1859375 0.071875 0.0890625
0 0.18828125 0.19296875 0.0703125 0.0859375
0 0.1078125 0.34765625 0.0640625 0.0703125
0 0.09609375 0.2671875 0.0578125 0.0765625
0 0.18359375 0.3375 0.0515625 0.053125
0 0.40078125 0.278125 0.071875 0.0875
0 0.46328125 0.27265625 0.0796875 0.0859375
0 0.475 0.309375 0.0625 0.084375
0 0.54765625 0.28203125 0.065625 0.0734375
0 0.53203125 0.36796875 0.0671875 0.08125
0 0.60234375 0.35390625 0.05625 0.05625
0 0.6 0.39609375 0.0390625 0.0453125
0 0.64296875 0.4046875 0.0484375 0.053125
0 0.61328125 0.5484375 0.04375 0.0484375
0 0.56875 0.446875 0.046875 0.0625