0 0.01796875 0.75546875 0.0359375 0.1390625
0 0.09609375 0.64921875 0.121875 0.13125
0 0.128125 0.52890625 0.1171875 0.13125
0 0.05234375 0.56953125 0.103125 0.1171875
0 0.0203125 0.61171875 0.040625 0.1328125
0 0.08046875 0.46875 0.1 0.10625
0 0.03671875 0.4765625 0.0734375 0.140625
0 0.06328125 0.35234375 0.1109375 0.1265625
0 0.184375 0.31328125 0.1234375 0.1265625
0 0.1359375 0.43984375 0.1 0.1078125
0 0.52421875 0.9609375 0.0796875 0.078125
0 0.46484375 0.9609375 0.1109375 0.078125
0 0.590625 0.98046875 0.078125 0.0390625
0 0.58515625 0.90703125 0.090625 0.1015625
0 0.45078125 0.90859375 0.096875 0.1
0 0.41640625 0.853125 0.0890625 0.0875
0 0.453125 0.78984375 0.06875 0.0765625
0 0.52421875 0.80078125 0.0703125 0.0875
0 0.5421875 0.8328125 0.075 0.0859375
0 0.6640625 0.884375 0.0609375 0.0625
0 0.6984375 0.91328125 0.1015625 0.1015625
0 0.790625 0.8765625 0.0859375 0.096875
0 0.746875 0.8609375 0.0671875 0.0828125
0 0.85546875 0.72421875 0.0828125 0.0859375
0 0.85234375 0.80546875 0.06875 0.08125
0 0.7796875 0.7203125 0.0484375 0.0515625
0 0.5546875 0.73671875 0.08125 0.0921875
0 0.49296875 0.7296875 0.0875 0.090625
0 0.48828125 0.6921875 0.0703125 0.0859375
0 0.41171875 0.7046875 0.0703125 0.0765625
0 0.44296875 0.62421875 0.075 0.0859375
0 0.37109375 0.6234375 0.0671875 0.0671875
0 0.38203125 0.5828125 0.046875 0.0515625
0 0.34140625 0.56640625 0.0546875 0.0578125
0 0.39765625 0.43046875 0.0484375 0.0515625
0 0.42265625 0.5390625 0.0609375 0.0703125