0 0.44140625 0.80390625 0.075 0.0953125
0 0.36171875 0.77890625 0.1078125 0.1234375
0 0.24296875 0.865625 0.090625 0.1078125
0 0.13125 0.5375 0.078125 0.08125
0 0.53359375 0.540625 0.096875 0.096875
0 0.51015625 0.48203125 0.0984375 0.1109375
0 0.73046875 0.446875 0.0609375 0.05625
0 0.70625 0.4203125 0.0828125 0.084375
0 0.64765625 0.3953125 0.0640625 0.090625
0 0.6453125 0.3171875 0.0765625 0.0828125
0 0.62890625 0.2390625 0.0546875 0.0703125
0 0.6703125 0.1953125 0.0703125 0.078125
0 0.428125 0.146875 0.084375 0.096875
0 0.34453125 0.4859375 0.0796875 0.09375
0 0.2234375 0.41171875 0.0640625 0.0671875
0 0.1203125 0.41875 0.065625 0.071875
0 0.3375 0.11953125 0.046875 0.0453125
0 0.303125 0.6171875 0.065625 0.0734375
0 0.009375 0.63828125 0.01875 0.0890625