0 0.190625 0.50546875 0.1046875 0.0875
0 0.1984375 0.42265625 0.125 0.1109375
0 0.0890625 0.325 0.103125 0.0828125
0 0.38671875 0.14765625 0.08125 0.078125
0 0.4671875 0.54140625 0.0921875 0.0921875
0 0.51953125 0.50625 0.1125 0.1
0 0.59921875 0.7140625 0.059375 0.0640625
0 0.62109375 0.68515625 0.0875 0.0859375
0 0.6328125 0.62265625 0.09375 0.06875
0 0.70859375 0.6046875 0.0765625 0.065625
0 0.78203125 0.571875 0.0703125 0.053125
0 0.83359375 0.603125 0.08125 0.0734375
0 0.83046875 0.35625 0.090625 0.0765625
0 0.48125 0.34453125 0.0984375 0.084375
0 0.52890625 0.2109375 0.065625 0.0625
0 0.50078125 0.11171875 0.071875 0.0671875
0 0.83828125 0.26171875 0.0453125 0.0484375
0 0.34375 0.33203125 0.075 0.06875
0 0.2609375 0.03828125 0.0890625 0.040625