0 0.42578125 0.80078125 0.0859375 0.1015625
0 0.346875 0.771875 0.1046875 0.121875
0 0.22421875 0.8515625 0.0859375 0.103125
0 0.13046875 0.51796875 0.0859375 0.0890625
0 0.53125 0.5421875 0.0921875 0.0921875
0 0.51171875 0.4828125 0.109375 0.1203125
0 0.7328125 0.459375 0.0625 0.05625
0 0.71015625 0.43125 0.0859375 0.0875
0 0.653125 0.403125 0.05625 0.0875
0 0.6546875 0.325 0.0703125 0.078125
0 0.6421875 0.24609375 0.0609375 0.0765625
0 0.6859375 0.2046875 0.071875 0.08125
0 0.446875 0.14375 0.084375 0.096875
0 0.3453125 0.478125 0.0796875 0.0953125
0 0.228125 0.39765625 0.065625 0.0671875
0 0.125 0.3984375 0.06875 0.071875
0 0.3578125 0.1109375 0.0484375 0.046875
0 0.296875 0.60703125 0.06875 0.075
0 0.00703125 0.61171875 0.0140625 0.0890625