0 0.8625 0.31796875 0.275 0.2703125
0 0.87421875 0.19609375 0.1859375 0.1640625
0 0.82578125 0.44609375 0.3484375 0.3265625
0 0.68984375 0.54609375 0.30625 0.25
0 0.53125 0.77421875 0.3484375 0.3046875
0 0.409375 0.84453125 0.2859375 0.2609375
0 0.4109375 0.9359375 0.275 0.128125
0 0.228125 0.83203125 0.28125 0.25
0 0.26015625 0.69609375 0.2046875 0.1890625
0 0.35078125 0.62890625 0.234375 0.209375
0 0.55546875 0.61171875 0.259375 0.2296875
0 0.73125 0.14296875 0.2890625 0.253125
0 0.6109375 0.225 0.284375 0.240625
0 0.61171875 0.10703125 0.2890625 0.2140625
0 0.44453125 0.16015625 0.246875 0.209375
0 0.596875 0.35390625 0.2609375 0.2453125
0 0.69921875 0.38515625 0.290625 0.265625
0 0.49609375 0.4328125 0.259375 0.2375
0 0.38046875 0.49921875 0.2078125 0.1890625
0 0.18671875 0.5046875 0.296875 0.265625
0 0.23203125 0.4 0.225 0.2078125
0 0.32109375 0.35078125 0.2796875 0.25
0 0.38984375 0.26484375 0.2625 0.2359375
0 0.278125 0.11640625 0.2421875 0.2265625
0 0.45546875 0.0796875 0.2671875 0.159375
0 0.08515625 0.4640625 0.1703125 0.1875
0 0.13203125 0.39296875 0.2046875 0.1859375