0 0.475 0.54921875 0.4484375 0.56875
0 0.63515625 0.18046875 0.4078125 0.3609375
0 0.7828125 0.17265625 0.315625 0.3453125
0 0.77265625 0.42734375 0.34375 0.36875
0 0.7015625 0.68671875 0.3703125 0.4046875
0 0.35703125 0.73125 0.321875 0.3796875
0 0.20625 0.19453125 0.3 0.2828125
0 0.4484375 0.2203125 0.421875 0.440625
0 0.0796875 0.334375 0.159375 0.35625
0 0.21796875 0.5109375 0.4359375 0.509375
0 0.190625 0.81015625 0.28125 0.33125
0 0.09140625 0.59375 0.1828125 0.30625
0 0.2890625 0.93828125 0.265625 0.1234375
0 0.54140625 0.84296875 0.3484375 0.3140625
0 0.9265625 0.5625 0.146875 0.35
0 0.909375 0.78046875 0.18125 0.1984375
0 0.865625 0.6609375 0.26875 0.296875