0 0.51328125 0.446875 0.59375 0.4984375
0 0.3609375 0.8328125 0.45 0.334375
0 0.4921875 0.89375 0.3625 0.2125
0 0.65859375 0.73359375 0.3453125 0.31875
0 0.77421875 0.49140625 0.403125 0.36875
0 0.54375 0.23125 0.3640625 0.3046875
0 0.1046875 0.5390625 0.209375 0.284375
0 0.2625 0.69453125 0.44375 0.3609375
0 0.10234375 0.30078125 0.2046875 0.3390625
0 0.275 0.2890625 0.515625 0.496875
0 0.471875 0.10703125 0.34375 0.2140625
0 0.2328125 0.1390625 0.3046875 0.2265625
0 0.67734375 0.05390625 0.2765625 0.1078125
0 0.76796875 0.2515625 0.3984375 0.390625
0 0.86015625 0.76328125 0.2796875 0.2984375
0 0.9546875 0.5671875 0.090625 0.209375
0 0.8671875 0.62109375 0.265625 0.2859375