0 0.4625 0.53984375 0.3859375 0.5484375
0 0.73046875 0.1890625 0.2890625 0.378125
0 0.8703125 0.25234375 0.2375 0.328125
0 0.78203125 0.50546875 0.2578125 0.30625
0 0.64296875 0.73515625 0.2640625 0.3375
0 0.2984375 0.6828125 0.2609375 0.3546875
0 0.30234375 0.12890625 0.2703125 0.240625
0 0.534375 0.2078125 0.325 0.415625
0 0.0921875 0.2015625 0.184375 0.3125
0 0.20703125 0.425 0.4140625 0.459375
0 0.128125 0.7109375 0.2453125 0.3265625
0 0.06328125 0.471875 0.1265625 0.29375
0 0.15390625 0.90859375 0.2203125 0.1828125
0 0.4375 0.84765625 0.3125 0.3046875
0 0.91875 0.69609375 0.1625 0.3421875
0 0.83359375 0.8890625 0.184375 0.1578125
0 0.8125 0.75703125 0.2015625 0.2390625