0 0.49375 0.26953125 0.646875 0.5390625
0 0.32109375 0.74375 0.4328125 0.2359375
0 0.365625 0.909375 0.590625 0.18125
0 0.68046875 0.84375 0.346875 0.2046875
0 0.85234375 0.93359375 0.2953125 0.0984375
0 0.9109375 0.82890625 0.178125 0.2078125
0 0.91328125 0.69453125 0.1734375 0.1453125
0 0.68125 0.6875 0.2734375 0.165625
0 0.87109375 0.55703125 0.2578125 0.2390625
0 0.365625 0.578125 0.5 0.2203125
0 0.08984375 0.84765625 0.1390625 0.203125
0 0.096875 0.6328125 0.190625 0.2171875
0 0.665625 0.515625 0.196875 0.121875