0 0.58359375 0.884375 0.1375 0.196875
0 0.68828125 0.66328125 0.1671875 0.31875
0 0.7625 0.471875 0.196875 0.4375
0 0.6609375 0.1671875 0.165625 0.334375
0 0.56328125 0.4828125 0.15625 0.2375
0 0.55625 0.23046875 0.1828125 0.3015625
0 0.803125 0.7640625 0.153125 0.3140625
0 0.8890625 0.31328125 0.2203125 0.325
0 0.91171875 0.11875 0.1390625 0.2375
0 0.7984375 0.08984375 0.215625 0.1796875
0 0.88046875 0.540625 0.175 0.28125
0 0.96796875 0.74296875 0.0640625 0.1921875
0 0.91796875 0.7984375 0.1640625 0.25