0 0.478125 0.4078125 0.29375 0.2875
0 0.56875 0.2421875 0.2703125 0.24375
0 0.78515625 0.15625 0.309375 0.2921875
0 0.7109375 0.43671875 0.35 0.346875
0 0.88515625 0.390625 0.2296875 0.3
0 0.884375 0.56015625 0.23125 0.2078125
0 0.65234375 0.6296875 0.2359375 0.2078125
0 0.5265625 0.55234375 0.2375 0.190625
0 0.36328125 0.6703125 0.1828125 0.19375
0 0.55078125 0.7203125 0.20625 0.165625
0 0.86796875 0.74921875 0.18125 0.146875
0 0.55234375 0.07890625 0.2140625 0.1578125
0 0.6578125 0.0234375 0.23125 0.046875
0 0.73046875 0.06015625 0.2234375 0.1203125
0 0.4015625 0.31875 0.1703125 0.171875
0 0.315625 0.4671875 0.146875 0.1453125
0 0.69765625 0.74921875 0.1765625 0.1484375
0 0.84296875 0.65390625 0.2109375 0.171875