0 0.5296875 0.41015625 0.321875 0.31875
0 0.45390625 0.23671875 0.26875 0.24375
0 0.24921875 0.14921875 0.3359375 0.2984375
0 0.2953125 0.41796875 0.371875 0.3703125
0 0.11171875 0.353125 0.2234375 0.28125
0 0.12265625 0.52578125 0.2453125 0.2703125
0 0.33671875 0.61640625 0.234375 0.209375
0 0.46875 0.55 0.2359375 0.1921875
0 0.62109375 0.68125 0.2046875 0.2140625
0 0.4296875 0.71484375 0.196875 0.1578125
0 0.11171875 0.71640625 0.1765625 0.14375
0 0.48515625 0.08125 0.2234375 0.1625
0 0.3890625 0.01953125 0.23125 0.0390625
0 0.3109375 0.0609375 0.25 0.121875
0 0.6140625 0.328125 0.1875 0.1875
0 0.6859375 0.48359375 0.1515625 0.15
0 0.28125 0.73125 0.1671875 0.1390625
0 0.1453125 0.6234375 0.240625 0.215625