0 0.36484375 0.44921875 0.3578125 0.35625
0 0.28203125 0.21015625 0.41875 0.4015625
0 0.11875 0.35703125 0.2375 0.4453125
0 0.16640625 0.61796875 0.3328125 0.3546875
0 0.3625 0.70078125 0.296875 0.3
0 0.44453125 0.80546875 0.20625 0.190625
0 0.49609375 0.61015625 0.175 0.190625
0 0.553125 0.4484375 0.215625 0.23125
0 0.4625 0.20625 0.275 0.3265625
0 0.5765625 0.2734375 0.2015625 0.2171875
0 0.66328125 0.365625 0.1546875 0.1765625
0 0.66328125 0.51796875 0.1609375 0.1765625
0 0.6265625 0.70625 0.19375 0.2015625
0 0.58671875 0.59765625 0.1609375 0.1671875