0 0.3921875 0.40390625 0.2828125 0.28125
0 0.39921875 0.1484375 0.3265625 0.296875
0 0.13046875 0.20234375 0.2609375 0.3734375
0 0.14140625 0.4890625 0.2640625 0.284375
0 0.3 0.63828125 0.2375 0.24375
0 0.33828125 0.76484375 0.1640625 0.1265625
0 0.45703125 0.6015625 0.1453125 0.165625
0 0.56796875 0.4703125 0.1640625 0.1921875
0 0.5703125 0.2125 0.1734375 0.2796875
0 0.65234375 0.315625 0.1546875 0.1828125
0 0.70078125 0.4328125 0.1078125 0.15
0 0.64609375 0.575 0.134375 0.1578125
0 0.54453125 0.7375 0.16875 0.1796875
0 0.54609375 0.621875 0.128125 0.140625