0 0.55859375 0.6984375 0.490625 0.46875
0 0.7078125 0.41171875 0.534375 0.509375
0 0.38359375 0.3609375 0.428125 0.40625
0 0.11640625 0.4671875 0.2328125 0.29375
0 0.0765625 0.66484375 0.153125 0.3515625
0 0.19140625 0.75234375 0.3828125 0.3859375
0 0.44296875 0.875 0.4046875 0.25
0 0.72578125 0.87109375 0.3328125 0.2578125
0 0.83125 0.65234375 0.3375 0.3734375
0 0.8828125 0.34140625 0.234375 0.3609375
0 0.5 0.178125 0.515625 0.35625
0 0.27421875 0.0734375 0.2640625 0.146875
0 0.175 0.2578125 0.3046875 0.3390625
0 0.79453125 0.1765625 0.2828125 0.25