0 0.68984375 0.4171875 0.4453125 0.4234375
0 0.56640625 0.715625 0.4890625 0.4609375
0 0.31875 0.5 0.4328125 0.4125
0 0.2140625 0.20703125 0.3125 0.31875
0 0.2984375 0.08828125 0.309375 0.1765625
0 0.48359375 0.140625 0.4203125 0.28125
0 0.7828125 0.18671875 0.3953125 0.321875
0 0.8921875 0.41796875 0.215625 0.3109375
0 0.828125 0.66171875 0.34375 0.3765625
0 0.6765625 0.8953125 0.353125 0.209375
0 0.23125 0.74453125 0.4625 0.4546875
0 0.0515625 0.646875 0.103125 0.2875
0 0.12578125 0.40390625 0.2515625 0.3296875
0 0.44609375 0.89375 0.3078125 0.2125