0 0.2609375 0.5125 0.26875 0.2296875
0 0.05078125 0.3828125 0.1015625 0.23125
0 0.14765625 0.34453125 0.2328125 0.2125
0 0.3390625 0.221875 0.2359375 0.21875
0 0.375 0.34609375 0.2109375 0.203125
0 0.40234375 0.4671875 0.1953125 0.196875
0 0.31953125 0.6140625 0.2109375 0.2
0 0.0984375 0.5484375 0.196875 0.20625
0 0.1796875 0.67265625 0.1921875 0.196875
0 0.29375 0.7625 0.196875 0.1875
0 0.2296875 0.88359375 0.2296875 0.2296875
0 0.33046875 0.95078125 0.2140625 0.0984375
0 0.3578125 0.88828125 0.15625 0.1609375
0 0.42734375 0.7890625 0.184375 0.1890625
0 0.559375 0.7109375 0.2109375 0.2046875
0 0.4578125 0.6171875 0.2015625 0.196875
0 0.52734375 0.5203125 0.1828125 0.1796875
0 0.24921875 0.4125 0.171875 0.159375
0 0.32890625 0.0921875 0.1953125 0.178125
0 0.51328125 0.14375 0.25 0.2390625
0 0.62421875 0.04921875 0.2890625 0.0984375
0 0.72265625 0.046875 0.1953125 0.09375
0 0.78125 0.1765625 0.178125 0.171875
0 0.63046875 0.23515625 0.271875 0.2515625
0 0.5359375 0.32421875 0.1734375 0.1578125
0 0.7203125 0.3296875 0.24375 0.23125
0 0.83984375 0.43125 0.1828125 0.1734375
0 0.9328125 0.409375 0.134375 0.190625
0 0.9390625 0.5203125 0.121875 0.16875
0 0.9765625 0.68046875 0.046875 0.2203125
0 0.94140625 0.75546875 0.1171875 0.1609375
0 0.92578125 0.63125 0.1484375 0.15625
0 0.809375 0.67578125 0.24375 0.25
0 0.8421875 0.8203125 0.2203125 0.190625
0 0.68828125 0.7828125 0.2625 0.253125
0 0.70234375 0.90078125 0.196875 0.1671875
0 0.5640625 0.9578125 0.171875 0.084375
0 0.58828125 0.88125 0.1875 0.184375
0 0.77265625 0.56796875 0.209375 0.18125
0 0.6515625 0.50234375 0.171875 0.171875
0 0.62578125 0.615625 0.1734375 0.159375
0 0.22421875 0.1703125 0.165625 0.15625
0 0.04921875 0.28359375 0.0984375 0.1609375