0 0.50390625 0.26015625 0.20625 0.25625
0 0.3640625 0.05234375 0.228125 0.1046875
0 0.3328125 0.153125 0.225 0.24375
0 0.21640625 0.3484375 0.2078125 0.228125
0 0.3421875 0.38046875 0.175 0.1859375
0 0.4640625 0.40390625 0.1921875 0.1921875
0 0.6078125 0.315625 0.215625 0.2265625
0 0.534375 0.0953125 0.184375 0.1796875
0 0.66171875 0.1734375 0.1875 0.184375
0 0.7546875 0.284375 0.1953125 0.203125
0 0.875 0.21640625 0.2203125 0.221875
0 0.95 0.31328125 0.1 0.2078125
0 0.8828125 0.34375 0.165625 0.1609375
0 0.7859375 0.4171875 0.2 0.1953125
0 0.7125 0.5515625 0.2015625 0.209375
0 0.615625 0.45390625 0.19375 0.1984375
0 0.52109375 0.5265625 0.1953125 0.196875
0 0.40390625 0.25234375 0.1546875 0.16875
0 0.09296875 0.3453125 0.1859375 0.209375
0 0.14453125 0.52578125 0.265625 0.2765625
0 0.04296875 0.63984375 0.0859375 0.2703125
0 0.04921875 0.74140625 0.0984375 0.1890625
0 0.18671875 0.79296875 0.1859375 0.190625
0 0.23984375 0.63984375 0.2375 0.2640625
0 0.325 0.5421875 0.1703125 0.1828125
0 0.3375 0.72578125 0.221875 0.2390625
0 0.44296875 0.8421875 0.1796875 0.1890625
0 0.425 0.93984375 0.178125 0.1203125
0 0.53671875 0.93359375 0.1859375 0.1328125
0 0.69921875 0.96796875 0.2296875 0.0640625
0 0.76875 0.9328125 0.171875 0.134375
0 0.646875 0.92109375 0.165625 0.1578125
0 0.6859375 0.803125 0.2625 0.2578125
0 0.82890625 0.8296875 0.19375 0.225
0 0.7890625 0.678125 0.228125 0.2390625
0 0.9046875 0.6875 0.1703125 0.2015625
0 0.9609375 0.546875 0.078125 0.16875
0 0.884375 0.575 0.190625 0.19375
0 0.57734375 0.7703125 0.20625 0.2296875
0 0.5078125 0.65078125 0.175 0.175
0 0.6203125 0.621875 0.13125 0.153125
0 0.1609375 0.2359375 0.1515625 0.1625
0 0.26640625 0.05625 0.1734375 0.1125