0 0.5875 0.44921875 0.2046875 0.190625
0 0.66640625 0.53671875 0.1546875 0.134375
0 0.76640625 0.525 0.159375 0.1421875
0 0.765625 0.1828125 0.1609375 0.15
0 0.37578125 0.19375 0.15 0.1375
0 0.278125 0.1703125 0.1515625 0.1421875
0 0.17734375 0.14765625 0.125 0.1140625
0 0.18515625 0.23125 0.115625 0.11875
0 0.9875 0.60078125 0.025 0.1171875
0 0.94765625 0.50390625 0.1046875 0.1234375
0 0.9875 0.7046875 0.025 0.1125
0 0.9484375 0.6578125 0.103125 0.146875
0 0.97578125 0.45390625 0.0484375 0.1171875
0 0.92734375 0.3953125 0.128125 0.1234375
0 0.86796875 0.45234375 0.1375 0.1328125
0 0.87734375 0.67421875 0.09375 0.090625
0 0.87109375 0.61484375 0.10625 0.1046875
0 0.9453125 0.5796875 0.109375 0.121875
0 0.88828125 0.8328125 0.109375 0.0875
0 0.95 0.734375 0.1 0.109375
0 0.884375 0.7546875 0.1171875 0.109375
0 0.81484375 0.72265625 0.1421875 0.1359375
0 0.7375 0.77109375 0.1390625 0.13125
0 0.65625 0.8265625 0.1296875 0.1234375
0 0.67734375 0.93828125 0.1140625 0.0984375
0 0.72578125 0.8640625 0.103125 0.0921875
0 0.596875 0.90390625 0.140625 0.1359375
0 0.57578125 0.9625 0.1234375 0.075
0 0.49765625 0.97109375 0.1390625 0.0578125
0 0.284375 0.953125 0.190625 0.09375
0 0.3984375 0.9609375 0.115625 0.078125
0 0.4484375 0.8546875 0.1515625 0.1484375
0 0.35078125 0.90078125 0.1296875 0.1234375
0 0.5078125 0.90234375 0.11875 0.1125
0 0.5546875 0.82734375 0.1546875 0.1390625
0 0.49921875 0.771875 0.1796875 0.16875
0 0.5484375 0.70625 0.140625 0.140625
0 0.6390625 0.7390625 0.1140625 0.1140625
0 0.7046875 0.6953125 0.10625 0.1046875
0 0.78828125 0.646875 0.11875 0.1109375
0 0.6203125 0.66328125 0.103125 0.0953125
0 0.79140625 0.5796875 0.1078125 0.09375
0 0.85546875 0.53046875 0.103125 0.0984375
0 0.44375 0.67421875 0.14375 0.1328125
0 0.53671875 0.61171875 0.140625 0.1328125
0 0.37421875 0.79375 0.16875 0.146875
0 0.2828125 0.77890625 0.1390625 0.13125
0 0.1953125 0.846875 0.159375 0.159375
0 0.215625 0.7484375 0.1453125 0.1296875
0 0.25703125 0.6734375 0.128125 0.1234375
0 0.35390625 0.63125 0.146875 0.1390625
0 0.2875 0.5625 0.140625 0.134375
0 0.528125 0.54296875 0.1296875 0.1140625
0 0.4265625 0.56171875 0.10625 0.1046875
0 0.49921875 0.47578125 0.153125 0.1484375
0 0.71640625 0.4109375 0.1421875 0.1453125
0 0.77109375 0.3421875 0.1421875 0.1390625
0 0.8546875 0.32265625 0.1359375 0.134375
0 0.71484375 0.27421875 0.115625 0.109375
0 0.6609375 0.32890625 0.1203125 0.1203125
0 0.56796875 0.3734375 0.1578125 0.1484375
0 0.46953125 0.3625 0.165625 0.1640625
0 0.409375 0.43515625 0.1109375 0.1078125
0 0.3328125 0.46015625 0.10625 0.096875
0 0.2671875 0.41953125 0.140625 0.1265625
0 0.2171875 0.49765625 0.1171875 0.1203125
0 0.1265625 0.5265625 0.1484375 0.153125
0 0.09296875 0.59765625 0.1671875 0.1515625
0 0.10390625 0.68515625 0.15 0.1328125
0 0.1296875 0.4421875 0.1359375 0.134375
0 0.0453125 0.55625 0.090625 0.125
0 0.04609375 0.4359375 0.0921875 0.140625
0 0.06953125 0.34375 0.1390625 0.16875
0 0.121875 0.2796875 0.1078125 0.1171875
0 0.2421875 0.33515625 0.1421875 0.1359375
0 0.1578125 0.37421875 0.1390625 0.134375
0 0.303125 0.2734375 0.1671875 0.15625
0 0.39375 0.30078125 0.1421875 0.1375
0 0.49140625 0.246875 0.1765625 0.175
0 0.58125 0.271875 0.1453125 0.134375
0 0.634375 0.16640625 0.1640625 0.159375
0 0.54140625 0.1796875 0.1359375 0.1375
0 0.76640625 0.053125 0.1296875 0.10625
0 0.69609375 0.046875 0.1296875 0.09375
0 0.62421875 0.05234375 0.1046875 0.1046875
0 0.51640625 0.04296875 0.1390625 0.0859375
0 0.56328125 0.1046875 0.1265625 0.1234375
0 0.384375 0.115625 0.1125 0.1015625
0 0.3671875 0.0578125 0.13125 0.115625
0 0.2796875 0.0890625 0.1171875 0.1046875
0 0.03359375 0.23984375 0.0671875 0.1140625
0 0.353125 0.3796875 0.096875 0.0875