0 0.5390625 0.40625 0.1640625 0.1875
0 0.6546875 0.42890625 0.1546875 0.1734375
0 0.72734375 0.359375 0.1375 0.159375
0 0.5203125 0.08671875 0.165625 0.1734375
0 0.21640625 0.3296875 0.1234375 0.140625
0 0.12421875 0.3703125 0.134375 0.146875
0 0.03984375 0.4109375 0.0796875 0.11875
0 0.08671875 0.47421875 0.121875 0.1171875
0 0.965625 0.26015625 0.06875 0.0984375
0 0.96171875 0.20390625 0.0765625 0.0921875
0 0.8703125 0.22578125 0.1375 0.140625
0 0.95078125 0.33984375 0.0984375 0.1515625
0 0.87578125 0.15859375 0.115625 0.1
0 0.77890625 0.159375 0.1234375 0.128125
0 0.76484375 0.23984375 0.125 0.1328125
0 0.90625 0.41171875 0.0859375 0.090625
0 0.865625 0.36875 0.10625 0.109375
0 0.90859375 0.2921875 0.109375 0.109375
0 0.98359375 0.53125 0.0328125 0.109375
0 0.97890625 0.4125 0.0421875 0.1
0 0.95546875 0.47265625 0.0890625 0.1078125
0 0.8859375 0.48828125 0.121875 0.13125
0 0.853125 0.5734375 0.1484375 0.15625
0 0.82109375 0.6671875 0.13125 0.1359375
0 0.90546875 0.74375 0.096875 0.1171875
0 0.89921875 0.65546875 0.1046875 0.1140625
0 0.82109375 0.7640625 0.1328125 0.1390625
0 0.85390625 0.83984375 0.1046875 0.1171875
0 0.80546875 0.90859375 0.1359375 0.140625
0 0.62265625 0.9671875 0.1546875 0.065625
0 0.70625 0.9421875 0.115625 0.115625
0 0.671875 0.81484375 0.1375 0.1421875
0 0.621875 0.909375 0.1265625 0.134375
0 0.7484375 0.81640625 0.1140625 0.121875
0 0.740625 0.72890625 0.11875 0.1421875
0 0.66328125 0.7171875 0.1640625 0.1765625
0 0.6625 0.63515625 0.1296875 0.1296875
0 0.7546875 0.6078125 0.1109375 0.109375
0 0.78125 0.5328125 0.1125 0.1140625
0 0.81875 0.44375 0.1078125 0.1171875
0 0.69453125 0.5578125 0.10625 0.1125
0 0.78046875 0.38828125 0.09375 0.109375
0 0.80234375 0.31015625 0.0921875 0.0984375
0 0.56015625 0.67265625 0.13125 0.14375
0 0.59609375 0.5671875 0.1453125 0.153125
0 0.57578125 0.81015625 0.159375 0.18125
0 0.49453125 0.853125 0.1140625 0.125
0 0.465625 0.93984375 0.1625 0.1203125
0 0.42265625 0.86953125 0.1171875 0.1390625
0 0.41015625 0.78515625 0.121875 0.128125
0 0.46171875 0.6921875 0.13125 0.140625
0 0.36796875 0.678125 0.13125 0.1390625
0 0.5484375 0.5171875 0.1171875 0.1328125
0 0.47890625 0.59375 0.1109375 0.1140625
0 0.48515625 0.48046875 0.1359375 0.1421875
0 0.61875 0.2984375 0.134375 0.13125
0 0.62109375 0.2109375 0.128125 0.13125
0 0.6765625 0.1453125 0.1296875 0.1328125
0 0.5359375 0.18984375 0.0984375 0.10625
0 0.52578125 0.26640625 0.1203125 0.1203125
0 0.478125 0.3578125 0.1453125 0.1546875
0 0.39296875 0.40859375 0.1609375 0.1640625
0 0.38828125 0.50234375 0.1140625 0.1171875
0 0.3421875 0.56875 0.09375 0.10625
0 0.265625 0.57578125 0.1046875 0.125
0 0.27265625 0.66796875 0.11875 0.115625
0 0.21796875 0.74609375 0.15625 0.153125
0 0.23359375 0.8234375 0.1453125 0.1640625
0 0.29375 0.88671875 0.1234375 0.146875
0 0.16953125 0.6765625 0.1328125 0.134375
0 0.15390625 0.83046875 0.1296875 0.1359375
0 0.08046875 0.7359375 0.1515625 0.15
0 0.0640625 0.64609375 0.128125 0.1703125
0 0.0265625 0.76015625 0.053125 0.1296875
0 0.065625 0.5515625 0.1296875 0.1203125
0 0.1953125 0.5234375 0.1296875 0.1375
0 0.15078125 0.60546875 0.128125 0.1328125
0 0.20703125 0.4375 0.1453125 0.159375
0 0.2953125 0.4046875 0.134375 0.140625
0 0.340625 0.303125 0.1734375 0.1734375
0 0.42734375 0.26875 0.1296875 0.1421875
0 0.40625 0.153125 0.1609375 0.165625
0 0.340625 0.21953125 0.134375 0.1328125
0 0.43828125 0.01953125 0.1234375 0.0390625
0 0.375 0.0328125 0.11875 0.065625
0 0.32734375 0.06328125 0.1046875 0.0921875
0 0.22109375 0.0453125 0.1296875 0.090625
0 0.2265625 0.109375 0.125 0.140625
0 0.3125 0.14609375 0.1375 0.1421875
0 0.17578125 0.2625 0.1109375 0.121875
0 0.12578125 0.22265625 0.121875 0.1296875
0 0.07421875 0.303125 0.096875 0.1109375
0 0.31015625 0.49296875 0.0828125 0.09375