0 0.49375 0.12734375 0.278125 0.246875
0 0.70703125 0.109375 0.2671875 0.1953125
0 0.8984375 0.17109375 0.203125 0.1859375
0 0.91796875 0.2671875 0.1640625 0.221875
0 0.7015625 0.240625 0.2140625 0.1984375
0 0.49921875 0.26015625 0.2515625 0.21875
0 0.65390625 0.3640625 0.1921875 0.1671875
0 0.8734375 0.3625 0.2125 0.1796875
0 0.90859375 0.48203125 0.1421875 0.128125
0 0.70234375 0.44296875 0.14375 0.125
0 0.5390625 0.425 0.1359375 0.1140625
0 0.67578125 0.5078125 0.11875 0.084375
0 0.82265625 0.5328125 0.1234375 0.09375
0 0.596875 0.509375 0.1328125 0.10625
0 0.1578125 0.4546875 0.1046875 0.0828125