0 0.640625 0.92265625 0.0453125 0.0546875
0 0.67578125 0.89765625 0.0484375 0.0609375
0 0.69921875 0.81484375 0.0578125 0.0671875
0 0.553125 0.76953125 0.05625 0.0703125
0 0.4515625 0.75234375 0.0421875 0.06875
0 0.39296875 0.70703125 0.0484375 0.0578125
0 0.27109375 0.76484375 0.0296875 0.04375
0 0.24765625 0.6859375 0.04375 0.0578125
0 0.253125 0.621875 0.0265625 0.0328125
0 0.3859375 0.59375 0.05 0.046875
0 0.79140625 0.546875 0.04375 0.05
0 0.76640625 0.50859375 0.0296875 0.034375
0 0.7609375 0.47109375 0.040625 0.05
0 0.628125 0.58515625 0.0421875 0.0421875
0 0.5953125 0.6796875 0.040625 0.0515625
0 0.5390625 0.675 0.0390625 0.04375
0 0.58984375 0.55078125 0.0390625 0.0453125
0 0.54765625 0.52421875 0.04375 0.0609375
0 0.55390625 0.57890625 0.0390625 0.0578125
0 0.5828125 0.44921875 0.0484375 0.0671875
0 0.67265625 0.33828125 0.0578125 0.059375
0 0.65234375 0.36171875 0.0375 0.0421875
0 0.7046875 0.29375 0.0390625 0.04375
0 0.7390625 0.23203125 0.0390625 0.046875
0 0.8046875 0.25078125 0.0328125 0.0453125
0 0.75234375 0.565625 0.034375 0.0390625
0 0.5296875 0.36328125 0.05 0.0578125
0 0.5796875 0.2640625 0.05 0.071875
0 0.3953125 0.26171875 0.0390625 0.05
0 0.4546875 0.23203125 0.0515625 0.0578125
0 0.4546875 0.303125 0.05 0.059375
0 0.5046875 0.31640625 0.0328125 0.040625
0 0.46015625 0.3890625 0.0484375 0.0734375
0 0.48046875 0.62421875 0.0359375 0.053125
0 0.2625 0.46328125 0.0515625 0.059375
0 0.315625 0.3890625 0.034375 0.053125
0 0.27734375 0.803125 0.034375 0.0390625