0 0.35703125 0.16796875 0.090625 0.0765625
0 0.52734375 0.17734375 0.1171875 0.10625
0 0.7984375 0.10625 0.0875 0.06875
0 0.87578125 0.3703125 0.1125 0.0984375
0 0.6640625 0.2765625 0.103125 0.0890625
0 0.80390625 0.3921875 0.0765625 0.071875
0 0.47109375 0.484375 0.090625 0.0828125
0 0.23515625 0.5984375 0.1453125 0.1140625
0 0.11953125 0.53671875 0.096875 0.0921875
0 0.071875 0.33125 0.084375 0.08125
0 0.12578125 0.30546875 0.08125 0.0796875
0 0.17734375 0.284375 0.090625 0.084375
0 0.17421875 0.1546875 0.10625 0.0796875
0 0.0328125 0.19296875 0.065625 0.0953125
0 0.046875 0.4140625 0.09375 0.090625
0 0.18125 0.76328125 0.05625 0.0484375
0 0.41015625 0.24375 0.1171875 0.115625