0 0.45390625 0.14140625 0.0765625 0.0578125
0 0.615625 0.19765625 0.0984375 0.0796875
0 0.8953125 0.20390625 0.078125 0.0515625
0 0.896875 0.47890625 0.0890625 0.065625
0 0.71953125 0.33046875 0.09375 0.0765625
0 0.821875 0.48046875 0.0625 0.0546875
0 0.4765625 0.47734375 0.0734375 0.059375
0 0.21875 0.521875 0.134375 0.0953125
0 0.12421875 0.43046875 0.084375 0.078125
0 0.13515625 0.21953125 0.0703125 0.0671875
0 0.19375 0.209375 0.0625 0.0578125
0 0.24921875 0.20390625 0.08125 0.0734375
0 0.28203125 0.078125 0.1 0.0671875
0 0.11484375 0.07109375 0.103125 0.0875
0 0.08203125 0.29140625 0.09375 0.071875
0 0.12109375 0.665625 0.0453125 0.03125
0 0.484375 0.228125 0.0921875 0.0875