0 0.80859375 0.68828125 0.08125 0.090625
0 0.8234375 0.51796875 0.1109375 0.11875
0 0.93125 0.259375 0.075 0.0890625
0 0.68046875 0.1453125 0.0984375 0.1109375
0 0.74375 0.36875 0.10625 0.1140625
0 0.64921875 0.2140625 0.075 0.078125
0 0.5109375 0.53046875 0.0875 0.09375
0 0.365625 0.7484375 0.1234375 0.1484375
0 0.4109375 0.871875 0.109375 0.1109375
0 0.6078125 0.946875 0.084375 0.0875
0 0.640625 0.89765625 0.0765625 0.0796875
0 0.66875 0.85 0.09375 0.096875
0 0.79609375 0.8703125 0.0953125 0.1125
0 0.73515625 0.98359375 0.1109375 0.0328125
0 0.51953125 0.95625 0.0953125 0.0875
0 0.19453125 0.77890625 0.0546875 0.0578125
0 0.74140625 0.625 0.121875 0.1234375