0 0.128125 0.43515625 0.25625 0.4078125
0 0.12578125 0.2484375 0.2515625 0.278125
0 0.61328125 0.09921875 0.4078125 0.1984375
0 0.7265625 0.20390625 0.3828125 0.3453125
0 0.81171875 0.40390625 0.3765625 0.3859375
0 0.453125 0.54609375 0.40625 0.3796875
0 0.79453125 0.621875 0.3703125 0.346875
0 0.6640625 0.8203125 0.3125 0.278125
0 0.45859375 0.9171875 0.3640625 0.165625
0 0.25703125 0.8171875 0.3671875 0.365625
0 0.228125 0.5734375 0.3125 0.296875
0 0.25859375 0.3828125 0.2578125 0.2734375
0 0.3390625 0.14140625 0.340625 0.2828125
0 0.8578125 0.78125 0.284375 0.2625
0 0.9578125 0.64453125 0.084375 0.2765625