0 0.21171875 0.8421875 0.3296875 0.315625
0 0.36875 0.921875 0.31875 0.15625
0 0.86171875 0.77890625 0.2765625 0.3296875
0 0.84453125 0.56171875 0.3109375 0.2859375
0 0.8109375 0.34453125 0.3640625 0.2859375
0 0.434375 0.49765625 0.4015625 0.359375
0 0.63203125 0.21015625 0.3578125 0.31875
0 0.4015625 0.153125 0.2921875 0.2265625
0 0.15859375 0.17578125 0.3171875 0.2671875
0 0.14375 0.4265625 0.2875 0.38125
0 0.25078125 0.63203125 0.2703125 0.2359375
0 0.40390625 0.75 0.2265625 0.25625
0 0.6359375 0.8765625 0.315625 0.246875
0 0.5828125 0.08046875 0.315625 0.1609375
0 0.80234375 0.07109375 0.2234375 0.1421875