0 0.94375 0.34375 0.1125 0.2125
0 0.90546875 0.22109375 0.1890625 0.2078125
0 0.75234375 0.1578125 0.2046875 0.2015625
0 0.62109375 0.1140625 0.196875 0.203125
0 0.49296875 0.07734375 0.1390625 0.15
0 0.38828125 0.0609375 0.2078125 0.121875
0 0.27578125 0.04140625 0.2171875 0.0828125
0 0.2109375 0.0828125 0.175 0.165625
0 0.3375 0.128125 0.1578125 0.1609375
0 0.50234375 0.20859375 0.1953125 0.19375
0 0.62734375 0.2578125 0.16875 0.1765625
0 0.746875 0.30078125 0.1640625 0.159375
0 0.84609375 0.38203125 0.1171875 0.1125
0 0.96328125 0.44921875 0.0734375 0.1453125
0 0.90625 0.52734375 0.1875 0.2203125
0 0.7828125 0.46875 0.2109375 0.2125
0 0.67578125 0.39765625 0.1890625 0.16875
0 0.55234375 0.359375 0.221875 0.2140625
0 0.43203125 0.30546875 0.178125 0.178125
0 0.3265625 0.2578125 0.178125 0.1890625
0 0.2328125 0.21953125 0.15625 0.1671875
0 0.15 0.16796875 0.1328125 0.1484375
0 0.10390625 0.27421875 0.134375 0.1484375
0 0.19140625 0.3078125 0.146875 0.1546875
0 0.35390625 0.40546875 0.1515625 0.15
0 0.48984375 0.45390625 0.1671875 0.15625
0 0.63359375 0.49453125 0.1546875 0.15625
0 0.746875 0.57734375 0.15625 0.140625
0 0.859375 0.65703125 0.2296875 0.2265625
0 0.6953125 0.6828125 0.21875 0.2109375
0 0.8453125 0.78671875 0.1765625 0.171875
0 0.57578125 0.6203125 0.1859375 0.2
0 0.46328125 0.5765625 0.1875 0.190625
0 0.30234375 0.5421875 0.1921875 0.1984375
0 0.18359375 0.409375 0.2140625 0.203125
0 0.13828125 0.53125 0.221875 0.2015625
0 0.0484375 0.475 0.096875 0.153125
0 0.0265625 0.58359375 0.053125 0.1578125
0 0.0484375 0.76328125 0.096875 0.1328125
0 0.10703125 0.825 0.1484375 0.1296875
0 0.1609375 0.73671875 0.1609375 0.1671875
0 0.0796875 0.65234375 0.159375 0.1796875
0 0.1890625 0.62734375 0.1359375 0.125
0 0.546875 0.76640625 0.1640625 0.1671875
0 0.80859375 0.89609375 0.1515625 0.153125
0 0.725 0.94140625 0.19375 0.1171875
0 0.5953125 0.9375 0.23125 0.125
0 0.4578125 0.93046875 0.215625 0.1390625
0 0.38671875 0.7984375 0.1359375 0.1421875
0 0.65078125 0.82890625 0.1671875 0.1734375