0 0.44375 0.4484375 0.209375 0.18125
0 0.53359375 0.17734375 0.2453125 0.2265625
0 0.5265625 0.075 0.29375 0.15
0 0.8359375 0.39765625 0.3078125 0.2859375
0 0.7625 0.51484375 0.234375 0.209375
0 0.709375 0.60390625 0.24375 0.1984375
0 0.53125 0.64921875 0.2171875 0.1984375
0 0.596875 0.50078125 0.2453125 0.2078125
0 0.58984375 0.30625 0.2453125 0.2234375
0 0.4078125 0.19921875 0.1578125 0.1734375
0 0.46171875 0.31953125 0.1390625 0.1375
0 0.71484375 0.1859375 0.3375 0.30625
0 0.7234375 0.06484375 0.1875 0.1296875
0 0.73828125 0.35234375 0.159375 0.121875
0 0.69921875 0.69140625 0.1921875 0.153125
0 0.57578125 0.396875 0.1828125 0.159375