0 0.5203125 0.44375 0.15625 0.2015625
0 0.603125 0.46484375 0.2234375 0.25625
0 0.6921875 0.2984375 0.184375 0.1953125
0 0.6625 0.5625 0.1328125 0.1328125
0 0.740625 0.49765625 0.1015625 0.1125
0 0.69296875 0.44921875 0.128125 0.1515625
0 0.421875 0.440625 0.1546875 0.184375
0 0.37265625 0.36953125 0.1671875 0.1875
0 0.428125 0.25 0.178125 0.196875
0 0.4984375 0.2984375 0.14375 0.16875
0 0.5859375 0.3265625 0.146875 0.1578125
0 0.6484375 0.2046875 0.1671875 0.18125
0 0.55390625 0.18671875 0.1296875 0.1375
0 0.32421875 0.2953125 0.140625 0.1640625
0 0.42578125 0.55859375 0.1265625 0.1359375
0 0.509375 0.57890625 0.1171875 0.125
0 0.58046875 0.60078125 0.1046875 0.1171875
0 0.7625 0.38828125 0.134375 0.134375
0 0.34609375 0.20078125 0.15 0.1828125