0 0.55546875 0.47890625 0.2171875 0.18125
0 0.5328125 0.39609375 0.23125 0.1890625
0 0.6984375 0.30390625 0.1859375 0.1734375
0 0.434375 0.3390625 0.13125 0.13125
0 0.4984375 0.259375 0.1078125 0.096875
0 0.54765625 0.30625 0.1546875 0.1328125
0 0.5609375 0.5765625 0.19375 0.171875
0 0.6328125 0.625 0.2046875 0.190625
0 0.75078125 0.56796875 0.203125 0.1875
0 0.7015625 0.4984375 0.178125 0.159375
0 0.67265625 0.41171875 0.146875 0.134375
0 0.79296875 0.346875 0.175 0.159375
0 0.8125 0.440625 0.146875 0.1390625
0 0.7078125 0.671875 0.1625 0.1375
0 0.44296875 0.57578125 0.128125 0.1171875
0 0.42109375 0.4921875 0.1328125 0.125
0 0.39765625 0.42109375 0.1203125 0.109375
0 0.60703125 0.2359375 0.13125 0.13125
0 0.80234375 0.6484375 0.19375 0.16875