0 0.39453125 0.42109375 0.2234375 0.1671875
0 0.5625 0.31875 0.1828125 0.140625
0 0.83515625 0.37109375 0.1796875 0.1421875
0 0.6578125 0.51875 0.1546875 0.128125
0 0.78828125 0.5984375 0.1484375 0.13125
0 0.7015625 0.7359375 0.171875 0.15625
0 0.6828125 0.93671875 0.146875 0.1125
0 0.47109375 0.90390625 0.1671875 0.15625
0 0.4703125 0.68046875 0.1484375 0.1375
0 0.24296875 0.8453125 0.175 0.1625
0 0.27890625 0.95078125 0.1578125 0.0984375
0 0.63984375 0.184375 0.153125 0.11875
0 0.5640625 0.0671875 0.13125 0.090625
0 0.47578125 0.26875 0.1546875 0.1375
0 0.33125 0.234375 0.1453125 0.109375
0 0.415625 0.1484375 0.1203125 0.10625
0 0.51796875 0.140625 0.11875 0.1046875
0 0.234375 0.390625 0.1078125 0.0625
0 0.3203125 0.040625 0.109375 0.065625
0 0.15234375 0.07578125 0.18125 0.1171875
0 0.30625 0.61875 0.190625 0.1328125
0 0.34375 0.6875 0.109375 0.0921875
0 0.21171875 0.6546875 0.1078125 0.078125
0 0.11484375 0.6703125 0.109375 0.11875
0 0.16328125 0.48828125 0.1125 0.0765625
0 0.034375 0.33046875 0.06875 0.0796875
0 0.04375 0.21328125 0.0875 0.0828125