0 0.4390625 0.38359375 0.2125 0.25
0 0.3109375 0.53359375 0.15625 0.1953125
0 0.3203125 0.81015625 0.1640625 0.19375
0 0.49375 0.65859375 0.16875 0.1859375
0 0.5515625 0.8 0.146875 0.1609375
0 0.7015625 0.7359375 0.1765625 0.190625
0 0.90234375 0.7484375 0.134375 0.1609375
0 0.903125 0.534375 0.1859375 0.19375
0 0.6828125 0.49921875 0.1703125 0.1765625
0 0.88125 0.3 0.190625 0.1984375
0 0.96015625 0.353125 0.0796875 0.16875
0 0.165625 0.5890625 0.15 0.1734375
0 0.0625 0.4953125 0.11875 0.1484375
0 0.27578125 0.43984375 0.1390625 0.1578125
0 0.2640625 0.29140625 0.146875 0.171875
0 0.16640625 0.36171875 0.128125 0.1390625
0 0.1421875 0.46171875 0.1109375 0.1234375
0 0.43359375 0.22109375 0.0859375 0.11875
0 0.07265625 0.25078125 0.0765625 0.115625
0 0.13046875 0.09140625 0.1328125 0.1828125
0 0.64765625 0.32734375 0.1640625 0.2078125
0 0.709375 0.375 0.0984375 0.115625
0 0.6984375 0.2390625 0.0953125 0.1171875
0 0.728125 0.14609375 0.134375 0.128125
0 0.54140625 0.165625 0.0953125 0.1234375
0 0.40625 0.0265625 0.090625 0.053125
0 0.2875 0.025 0.0875 0.05