0 0.48671875 0.371875 0.1765625 0.178125
0 0.34296875 0.31328125 0.1328125 0.128125
0 0.16484375 0.41015625 0.1359375 0.140625
0 0.321875 0.8046875 0.1421875 0.1421875
0 0.28359375 0.67109375 0.1015625 0.103125
0 0.45703125 0.7125 0.1203125 0.1234375
0 0.50703125 0.7921875 0.121875 0.11875
0 0.68046875 0.94296875 0.1453125 0.1140625
0 0.7375 0.79453125 0.0984375 0.0921875
0 0.584375 0.46796875 0.0921875 0.0890625
0 0.75 0.32890625 0.1296875 0.128125
0 0.95 0.6359375 0.0671875 0.0609375
0 0.91640625 0.71796875 0.0703125 0.071875
0 0.8765625 0.68828125 0.0421875 0.0421875
0 0.8359375 0.74140625 0.05625 0.0515625
0 0.7015625 0.56328125 0.0703125 0.071875
0 0.67890625 0.51640625 0.0765625 0.0703125
0 0.38515625 0.57890625 0.065625 0.0671875
0 0.2453125 0.5484375 0.0953125 0.0921875
0 0.2421875 0.409375 0.08125 0.090625
0 0.09765625 0.375 0.0859375 0.0875
0 0.04765625 0.47734375 0.090625 0.0859375
0 0.125 0.26328125 0.0828125 0.084375