0 0.55859375 0.61484375 0.1375 0.1453125
0 0.7140625 0.61796875 0.103125 0.090625
0 0.8453125 0.4640625 0.103125 0.1140625
0 0.55703125 0.15234375 0.125 0.1265625
0 0.640625 0.26328125 0.0796875 0.08125
0 0.4640625 0.2859375 0.0984375 0.1046875
0 0.38828125 0.2296875 0.1046875 0.0984375
0 0.16875 0.1421875 0.125 0.103125
0 0.17265625 0.31015625 0.090625 0.08125
0 0.4328125 0.56015625 0.084375 0.0765625
0 0.32734375 0.74921875 0.0984375 0.096875
0 0.03125 0.534375 0.0625 0.05
0 0.03359375 0.44609375 0.0625 0.0640625
0 0.08046875 0.459375 0.034375 0.034375
0 0.1 0.3953125 0.046875 0.0296875
0 0.2890625 0.51328125 0.059375 0.059375
0 0.32734375 0.54921875 0.065625 0.053125
0 0.5796875 0.38515625 0.0625 0.0625
0 0.7203125 0.36328125 0.084375 0.078125
0 0.7734375 0.4921875 0.0578125 0.0796875
0 0.9203125 0.471875 0.0640625 0.0671875
0 0.93046875 0.359375 0.0765625 0.0640625
0 0.93515625 0.58671875 0.0703125 0.075