0 0.88203125 0.34296875 0.2359375 0.3890625
0 0.7859375 0.1796875 0.2796875 0.2796875
0 0.54296875 0.1265625 0.3359375 0.253125
0 0.265625 0.19765625 0.45625 0.3953125
0 0.27109375 0.38515625 0.3109375 0.3078125
0 0.46875 0.26875 0.346875 0.3671875
0 0.6578125 0.4265625 0.353125 0.3703125
0 0.78046875 0.69609375 0.3265625 0.3625
0 0.696875 0.9046875 0.26875 0.190625
0 0.553125 0.7609375 0.2765625 0.303125
0 0.3203125 0.85703125 0.2953125 0.2734375
0 0.23203125 0.5984375 0.2921875 0.309375
0 0.44375 0.5609375 0.303125 0.34375
0 0.0984375 0.434375 0.196875 0.2875
0 0.090625 0.62265625 0.18125 0.3390625
0 0.15859375 0.80703125 0.24375 0.265625
0 0.04609375 0.7984375 0.0921875 0.1875