0 0.4546875 0.0515625 0.225 0.103125
0 0.28984375 0.20078125 0.2203125 0.1875
0 0.41171875 0.23828125 0.240625 0.196875
0 0.5140625 0.2875 0.303125 0.25625
0 0.65859375 0.3265625 0.303125 0.2375
0 0.61953125 0.45859375 0.26875 0.2296875
0 0.4328125 0.440625 0.215625 0.2046875
0 0.25234375 0.4296875 0.2609375 0.221875
0 0.22734375 0.30078125 0.1875 0.1703125
0 0.1515625 0.3828125 0.1765625 0.1515625
0 0.0921875 0.490625 0.184375 0.1875
0 0.31171875 0.55625 0.2734375 0.221875
0 0.5 0.55078125 0.2609375 0.2375
0 0.5015625 0.61875 0.234375 0.18125
0 0.46875 0.69140625 0.2640625 0.2140625
0 0.27109375 0.671875 0.2796875 0.225
0 0.16171875 0.56171875 0.23125 0.16875
0 0.20703125 0.7765625 0.2546875 0.2078125
0 0.2453125 0.88671875 0.2265625 0.2046875
0 0.57734375 0.821875 0.25625 0.2203125
0 0.68046875 0.69765625 0.2265625 0.18125
0 0.75703125 0.803125 0.3 0.2484375
0 0.8375 0.84453125 0.2765625 0.19375
0 0.61015625 0.94375 0.2109375 0.1125
0 0.409375 0.97421875 0.28125 0.0515625
0 0.51875 0.9015625 0.275 0.196875
0 0.35 0.89453125 0.1734375 0.15
0 0.39609375 0.79921875 0.2078125 0.1828125
0 0.0859375 0.34296875 0.171875 0.1578125
0 0.9234375 0.74140625 0.153125 0.1796875
0 0.22734375 0.1359375 0.2203125 0.1640625
0 0.01953125 0.44609375 0.0390625 0.1171875
0 0.0203125 0.515625 0.040625 0.096875