0 0.50234375 0.95546875 0.2203125 0.0890625
0 0.68359375 0.81640625 0.2328125 0.1984375
0 0.565625 0.76875 0.2453125 0.1953125
0 0.46796875 0.71015625 0.2984375 0.2359375
0 0.3265625 0.659375 0.3015625 0.2171875
0 0.37734375 0.53125 0.2765625 0.2359375
0 0.56171875 0.56484375 0.196875 0.18125
0 0.740625 0.59140625 0.2546875 0.2
0 0.75390625 0.721875 0.1640625 0.13125
0 0.83671875 0.646875 0.1671875 0.1296875
0 0.9078125 0.54609375 0.184375 0.1734375
0 0.69296875 0.46015625 0.253125 0.171875
0 0.5046875 0.44921875 0.2546875 0.221875
0 0.50859375 0.38203125 0.2421875 0.18125
0 0.54765625 0.31171875 0.25625 0.1875
0 0.74296875 0.3484375 0.2578125 0.171875
0 0.8421875 0.46796875 0.246875 0.178125
0 0.81640625 0.25078125 0.24375 0.16875
0 0.7875 0.13671875 0.1984375 0.1640625
0 0.45078125 0.17265625 0.2515625 0.203125
0 0.3375 0.2875 0.2421875 0.1953125
0 0.2703125 0.17578125 0.3109375 0.2546875
0 0.190625 0.1203125 0.278125 0.1625
0 0.428125 0.046875 0.209375 0.09375
0 0.63359375 0.01796875 0.2765625 0.0359375
0 0.51640625 0.0984375 0.2796875 0.196875
0 0.68359375 0.1203125 0.1609375 0.1234375
0 0.6296875 0.2109375 0.1875 0.1453125
0 0.90390625 0.69296875 0.1828125 0.15
0 0.09140625 0.21796875 0.1828125 0.1921875
0 0.73984375 0.88671875 0.2328125 0.16875
0 0.97734375 0.5984375 0.0453125 0.1125
0 0.9796875 0.528125 0.040625 0.090625