0 0.66640625 0.61015625 0.18125 0.1921875
0 0.5234375 0.859375 0.2078125 0.228125
0 0.76015625 0.71953125 0.1390625 0.1703125
0 0.90546875 0.68828125 0.14375 0.165625
0 0.96875 0.465625 0.0625 0.134375
0 0.98046875 0.2703125 0.0390625 0.159375
0 0.7875 0.0921875 0.1140625 0.1015625
0 0.896875 0.13828125 0.109375 0.115625
0 0.8 0.4125 0.1421875 0.1671875
0 0.86953125 0.50625 0.1484375 0.1703125
0 0.8390625 0.6046875 0.1109375 0.11875
0 0.72734375 0.54765625 0.15 0.1734375
0 0.603125 0.41171875 0.209375 0.2546875
0 0.66484375 0.27578125 0.1078125 0.128125
0 0.61875 0.17890625 0.109375 0.13125
0 0.44375 0.275 0.159375 0.1859375
0 0.44765625 0.64296875 0.1859375 0.20625
0 0.3234375 0.75390625 0.165625 0.1765625
0 0.221875 0.6515625 0.165625 0.184375
0 0.05390625 0.55390625 0.1078125 0.1953125
0 0.11328125 0.36796875 0.1609375 0.1546875
0 0.246875 0.171875 0.175 0.196875
0 0.1234375 0.14609375 0.1453125 0.171875
0 0.34609375 0.41953125 0.159375 0.1703125
0 0.42734375 0.1734375 0.15 0.1578125
0 0.44609375 0.0875 0.125 0.115625
0 0.13515625 0.015625 0.0890625 0.03125