0 0.8734375 0.475 0.059375 0.0515625
0 0.79921875 0.51328125 0.0703125 0.0671875
0 0.7984375 0.5765625 0.0515625 0.05
0 0.69296875 0.61015625 0.05625 0.0609375
0 0.78515625 0.684375 0.0703125 0.0671875
0 0.840625 0.65390625 0.0515625 0.0546875
0 0.63203125 0.83203125 0.0546875 0.0671875
0 0.41796875 0.45234375 0.0671875 0.075
0 0.2046875 0.47734375 0.071875 0.065625
0 0.19609375 0.546875 0.06875 0.0703125
0 0.3625 0.66640625 0.05625 0.0515625
0 0.3234375 0.68203125 0.0453125 0.0421875
0 0.265625 0.815625 0.0546875 0.0359375
0 0.4015625 0.7765625 0.0578125 0.0765625
0 0.45390625 0.76171875 0.0390625 0.0453125
0 0.52578125 0.72421875 0.0546875 0.0546875
0 0.52890625 0.61171875 0.05625 0.0625
0 0.16640625 0.8703125 0.0609375 0.05625
0 0.5828125 0.7875 0.0375 0.0453125
0 0.5265625 0.81015625 0.0796875 0.078125