0 0.659375 0.8390625 0.06875 0.0734375
0 0.65703125 0.75546875 0.08125 0.08125
0 0.71171875 0.72421875 0.059375 0.0609375
0 0.68984375 0.615625 0.071875 0.06875
0 0.79921875 0.659375 0.08125 0.0828125
0 0.79921875 0.7234375 0.0625 0.0625
0 0.85390625 0.4546875 0.075 0.0671875
0 0.41796875 0.4515625 0.08125 0.0765625
0 0.3375 0.25234375 0.0765625 0.0796875
0 0.39375 0.21171875 0.084375 0.0828125
0 0.57890625 0.29921875 0.0671875 0.0703125
0 0.5734375 0.2578125 0.053125 0.05625
0 0.66171875 0.1421875 0.0484375 0.059375
0 0.69453125 0.2796875 0.0859375 0.075
0 0.70625 0.3328125 0.059375 0.0578125
0 0.70859375 0.4140625 0.0703125 0.0703125
0 0.61171875 0.47109375 0.0734375 0.06875
0 0.66171875 0.03359375 0.0734375 0.0671875
0 0.79140625 0.4328125 0.0515625 0.046875
0 0.78359375 0.37265625 0.1015625 0.103125