0 0.3484375 0.8421875 0.0671875 0.071875
0 0.41015625 0.7859375 0.0828125 0.084375
0 0.46953125 0.80703125 0.0609375 0.0609375
0 0.5375 0.71875 0.0703125 0.0671875
0 0.57578125 0.83046875 0.0828125 0.084375
0 0.528125 0.87265625 0.06875 0.0671875
0 0.76640625 0.7375 0.078125 0.071875
0 0.4828125 0.40625 0.0875 0.0828125
0 0.5796875 0.21484375 0.0828125 0.0859375
0 0.64765625 0.23046875 0.0828125 0.08125
0 0.703125 0.428125 0.0640625 0.0671875
0 0.73125 0.39609375 0.0546875 0.05625
0 0.8765625 0.3875 0.0515625 0.0609375
0 0.79375 0.50234375 0.0796875 0.0671875
0 0.76171875 0.54609375 0.0625 0.059375
0 0.7015625 0.60078125 0.0703125 0.0703125
0 0.5953125 0.565625 0.0765625 0.071875
0 0.9625 0.31328125 0.0734375 0.0765625
0 0.74140625 0.67578125 0.05 0.04375
0 0.78203125 0.63046875 0.09375 0.0953125