0 0.88046875 0.1921875 0.2328125 0.384375
0 0.64375 0.14296875 0.284375 0.2859375
0 0.4171875 0.16171875 0.265625 0.3234375
0 0.17265625 0.19765625 0.3453125 0.3921875
0 0.125 0.6453125 0.25 0.571875
0 0.35 0.70234375 0.2890625 0.5671875
0 0.59765625 0.69453125 0.325 0.5375
0 0.834375 0.6765625 0.33125 0.5
0 0.72578125 0.3734375 0.2109375 0.296875
0 0.515625 0.33984375 0.253125 0.3046875
0 0.91328125 0.89296875 0.1734375 0.2015625
0 0.703125 0.8921875 0.2265625 0.2125
0 0.47734375 0.878125 0.2453125 0.24375
0 0.13359375 0.9109375 0.2328125 0.178125