0 0.115625 0.31328125 0.23125 0.4515625
0 0.25625 0.196875 0.3375 0.346875
0 0.48046875 0.17109375 0.3390625 0.3421875
0 0.71953125 0.18515625 0.4671875 0.3703125
0 0.853125 0.5296875 0.29375 0.6125
0 0.70234375 0.65 0.459375 0.628125
0 0.4625 0.7140625 0.38125 0.571875
0 0.225 0.74375 0.446875 0.5125
0 0.246875 0.4453125 0.259375 0.325
0 0.4375 0.3515625 0.278125 0.325
0 0.2109375 0.94453125 0.2125 0.1109375
0 0.41796875 0.89375 0.2984375 0.2125
0 0.63359375 0.8625 0.2640625 0.275
0 0.9109375 0.78359375 0.178125 0.2578125