0 0.078125 0.69765625 0.15625 0.1703125
0 0.2078125 0.76171875 0.178125 0.1859375
0 0.13671875 0.52265625 0.1578125 0.15625
0 0.25546875 0.5578125 0.1625 0.165625
0 0.33515625 0.59765625 0.140625 0.1515625
0 0.23984375 0.30078125 0.134375 0.1375
0 0.29765625 0.33671875 0.146875 0.1484375
0 0.37421875 0.35 0.1390625 0.153125
0 0.353125 0.16875 0.1421875 0.146875
0 0.4421875 0.19609375 0.15 0.1546875
0 0.5015625 0.271875 0.1515625 0.15625
0 0.4109375 0.0515625 0.18125 0.103125
0 0.48515625 0.05703125 0.1484375 0.1140625
0 0.55703125 0.08125 0.153125 0.1484375
0 0.6265625 0.12734375 0.11875 0.128125
0 0.62890625 0.19921875 0.15 0.153125
0 0.38984375 0.77578125 0.078125 0.0828125
0 0.48671875 0.79296875 0.0890625 0.09375
0 0.44765625 0.67265625 0.121875 0.1203125
0 0.52265625 0.690625 0.090625 0.0984375
0 0.4765625 0.58125 0.0953125 0.096875
0 0.428125 0.4203125 0.0796875 0.0859375
0 0.57421875 0.31640625 0.1609375 0.171875