0 0.9234375 0.30078125 0.153125 0.1453125
0 0.88828125 0.44375 0.16875 0.1515625
0 0.75078125 0.23671875 0.1203125 0.1265625
0 0.7015625 0.35 0.1328125 0.1234375
0 0.68125 0.43671875 0.125 0.0984375
0 0.5140625 0.17265625 0.1171875 0.1109375
0 0.50546875 0.23984375 0.13125 0.1265625
0 0.465625 0.30703125 0.1359375 0.1046875
0 0.340625 0.17421875 0.1171875 0.10625
0 0.3046875 0.2609375 0.1296875 0.1203125
0 0.32421875 0.3546875 0.134375 0.1234375
0 0.1765625 0.11328125 0.19375 0.1609375
0 0.1546875 0.190625 0.1359375 0.121875
0 0.14296875 0.27421875 0.1375 0.14375
0 0.1328125 0.35703125 0.1296875 0.1171875
0 0.18671875 0.40546875 0.134375 0.1265625
0 0.78203125 0.59296875 0.071875 0.059375
0 0.7328125 0.678125 0.090625 0.08125
0 0.665625 0.57109375 0.0890625 0.090625
0 0.63125 0.63984375 0.0859375 0.0703125
0 0.57734375 0.534375 0.0875 0.084375
0 0.48515625 0.39375 0.0828125 0.0703125
0 0.3125 0.4390625 0.1515625 0.1265625