0 0.925 0.62578125 0.084375 0.103125
0 0.95078125 0.859375 0.0671875 0.0703125
0 0.8390625 0.62109375 0.0796875 0.0953125
0 0.878125 0.53984375 0.08125 0.09375
0 0.94375 0.5265625 0.06875 0.0703125
0 0.94296875 0.32421875 0.071875 0.08125
0 0.95546875 0.20546875 0.0734375 0.1078125
0 0.840625 0.36796875 0.0828125 0.103125
0 0.84453125 0.45234375 0.084375 0.0921875
0 0.75234375 0.48046875 0.0734375 0.0828125
0 0.740625 0.33203125 0.078125 0.0984375
0 0.72109375 0.16640625 0.0640625 0.096875
0 0.88046875 0.05078125 0.10625 0.090625
0 0.72421875 0.04296875 0.084375 0.0796875
0 0.6453125 0.37578125 0.0671875 0.0671875
0 0.6484375 0.46015625 0.059375 0.0859375
0 0.4578125 0.42890625 0.0671875 0.0609375
0 0.4484375 0.478125 0.05625 0.05625
0 0.4375 0.52890625 0.046875 0.0640625
0 0.3671875 0.5 0.0515625 0.0578125
0 0.29296875 0.49375 0.05625 0.0546875
0 0.26796875 0.41171875 0.046875 0.0515625
0 0.3484375 0.37734375 0.05 0.0453125
0 0.36171875 0.446875 0.0453125 0.0515625
0 0.29453125 0.11796875 0.0640625 0.0921875
0 0.2765625 0.0296875 0.0625 0.059375
0 0.371875 0.14765625 0.0546875 0.0734375
0 0.47109375 0.11796875 0.0625 0.053125
0 0.46953125 0.18671875 0.053125 0.0671875
0 0.5578125 0.22578125 0.05625 0.075
0 0.76796875 0.95078125 0.0421875 0.0484375
0 0.69921875 0.9484375 0.05625 0.0640625
0 0.6375 0.95625 0.046875 0.0578125
0 0.5828125 0.69921875 0.05 0.0453125
0 0.3109375 0.60859375 0.0515625 0.0625
0 0.31328125 0.68671875 0.0484375 0.0546875
0 0.37265625 0.6140625 0.05625 0.0796875
0 0.375 0.70234375 0.0484375 0.0546875
0 0.44765625 0.72421875 0.0359375 0.0375
0 0.5203125 0.534375 0.0484375 0.071875
0 0.4578125 0.3515625 0.0640625 0.08125
0 0.38515625 0.203125 0.0640625 0.0734375
0 0.46484375 0.240625 0.0515625 0.0546875
0 0.4734375 0.03515625 0.06875 0.0703125
0 0.55859375 0.1609375 0.0734375 0.0765625
0 0.58125 0.065625 0.075 0.075
0 0.378125 0.8359375 0.040625 0.0375
0 0.3734375 0.8765625 0.0328125 0.034375
0 0.32734375 0.77421875 0.0375 0.0453125
0 0.44296875 0.85078125 0.03125 0.0359375