0 0.13046875 0.89921875 0.2609375 0.2015625
0 0.13203125 0.71875 0.2640625 0.196875
0 0.12109375 0.546875 0.2421875 0.15
0 0.1078125 0.41015625 0.215625 0.1671875
0 0.1625 0.24453125 0.325 0.1421875
0 0.4078125 0.1015625 0.4 0.203125
0 0.78359375 0.11171875 0.4328125 0.2234375
0 0.67421875 0.28125 0.5875 0.259375
0 0.3390625 0.38671875 0.3765625 0.1875
0 0.33359375 0.5625 0.3125 0.240625
0 0.32734375 0.79609375 0.2203125 0.178125
0 0.33515625 0.94375 0.2109375 0.1125
0 0.64296875 0.93203125 0.4296875 0.1359375
0 0.6734375 0.7671875 0.4625 0.234375
0 0.696875 0.5328125 0.4890625 0.2265625
0 0.91953125 0.45390625 0.1609375 0.2359375
0 0.9234375 0.6859375 0.153125 0.25
0 0.91484375 0.91328125 0.1703125 0.1734375