0 0.3359375 0.3109375 0.2203125 0.153125
0 0.11640625 0.55703125 0.140625 0.153125
0 0.271875 0.6109375 0.240625 0.1875
0 0.29765625 0.47109375 0.2109375 0.146875
0 0.2125 0.26953125 0.1453125 0.1296875
0 0.4203125 0.2078125 0.2125 0.1765625
0 0.53359375 0.30234375 0.1875 0.184375
0 0.6796875 0.2265625 0.2703125 0.171875
0 0.73828125 0.33203125 0.278125 0.1515625
0 0.74453125 0.47421875 0.2859375 0.196875
0 0.73828125 0.62109375 0.23125 0.1421875
0 0.5546875 0.5609375 0.2765625 0.1625
0 0.50078125 0.42734375 0.30625 0.178125
0 0.5828125 0.69609375 0.271875 0.184375
0 0.48671875 0.73515625 0.2265625 0.13125
0 0.4203125 0.815625 0.203125 0.178125
0 0.26875 0.71171875 0.2078125 0.146875