0 0.6359375 0.28984375 0.2453125 0.2015625
0 0.8875 0.503125 0.1671875 0.175
0 0.74140625 0.578125 0.2453125 0.1859375
0 0.69609375 0.44296875 0.2484375 0.209375
0 0.75234375 0.23203125 0.1765625 0.1671875
0 0.53828125 0.2 0.228125 0.1953125
0 0.4390625 0.309375 0.2046875 0.2015625
0 0.28359375 0.25390625 0.2734375 0.1828125
0 0.240625 0.36640625 0.3109375 0.225
0 0.25390625 0.50859375 0.2984375 0.2171875
0 0.28125 0.653125 0.259375 0.1984375
0 0.45390625 0.56796875 0.296875 0.2046875
0 0.4890625 0.428125 0.328125 0.2265625
0 0.4453125 0.70546875 0.278125 0.184375
0 0.5453125 0.73046875 0.25 0.1859375
0 0.62265625 0.8015625 0.203125 0.1765625
0 0.7578125 0.67734375 0.2234375 0.165625