0 0.165625 0.42890625 0.1140625 0.11875
0 0.20390625 0.5109375 0.0515625 0.065625
0 0.353125 0.5265625 0.0828125 0.0890625
0 0.38203125 0.48359375 0.075 0.078125
0 0.353125 0.71015625 0.0671875 0.0828125
0 0.428125 0.61328125 0.075 0.08125
0 0.46875 0.50078125 0.0703125 0.075
0 0.48125 0.5640625 0.0875 0.096875
0 0.60625 0.53515625 0.0765625 0.084375
0 0.65 0.4765625 0.0640625 0.071875
0 0.60234375 0.2734375 0.06875 0.06875
0 0.2390625 0.6890625 0.059375 0.0625
0 0.56953125 0.66953125 0.08125 0.0859375
0 0.740625 0.37578125 0.0421875 0.053125