0 0.27109375 0.24609375 0.1296875 0.134375
0 0.25390625 0.33515625 0.0421875 0.0609375
0 0.365625 0.43515625 0.08125 0.0875
0 0.4140625 0.4171875 0.0796875 0.0828125
0 0.2578125 0.58359375 0.065625 0.084375
0 0.37578125 0.54921875 0.0828125 0.0875
0 0.47421875 0.48203125 0.0671875 0.071875
0 0.44765625 0.54140625 0.0859375 0.0953125
0 0.565625 0.59140625 0.0734375 0.08125
0 0.63515625 0.56875 0.0625 0.0703125
0 0.715625 0.3765625 0.0703125 0.0703125
0 0.17734375 0.49921875 0.05 0.053125
0 0.45703125 0.678125 0.065625 0.075
0 0.76796875 0.540625 0.046875 0.0578125