0 0.734375 0.896875 0.15 0.1375
0 0.6078125 0.96015625 0.125 0.0796875
0 0.5921875 0.8015625 0.1515625 0.13125
0 0.80234375 0.64296875 0.1625 0.15
0 0.696875 0.46484375 0.1453125 0.1140625
0 0.76015625 0.4046875 0.11875 0.0984375
0 0.803125 0.26171875 0.1390625 0.125
0 0.7421875 0.11953125 0.1671875 0.128125
0 0.58203125 0.25859375 0.1140625 0.103125
0 0.49609375 0.20625 0.1390625 0.11875
0 0.5265625 0.0421875 0.1375 0.084375
0 0.48515625 0.55 0.1203125 0.128125
0 0.41171875 0.95078125 0.1453125 0.0984375
0 0.3671875 0.7296875 0.1453125 0.1421875
0 0.3140625 0.621875 0.0875 0.084375
0 0.1890625 0.646875 0.0859375 0.08125
0 0.1765625 0.7359375 0.0984375 0.0921875
0 0.46328125 0.35078125 0.159375 0.1453125
0 0.36015625 0.203125 0.1 0.090625
0 0.3015625 0.31953125 0.0640625 0.0734375
0 0.41953125 0.66328125 0.0828125 0.0640625
0 0.58046875 0.625 0.1296875 0.1203125