0 0.10234375 0.14609375 0.2046875 0.2140625
0 0.121875 0.328125 0.24375 0.2875
0 0.1390625 0.55390625 0.278125 0.2796875
0 0.190625 0.7578125 0.3390625 0.2328125
0 0.3859375 0.0875 0.38125 0.175
0 0.2234375 0.909375 0.35625 0.18125
0 0.396875 0.2734375 0.4171875 0.3171875
0 0.4328125 0.4640625 0.3734375 0.2640625
0 0.46875 0.65546875 0.378125 0.2375
0 0.503125 0.83984375 0.353125 0.25625
0 0.68046875 0.0328125 0.2421875 0.065625
0 0.7046875 0.14375 0.2953125 0.2125
0 0.7515625 0.31796875 0.34375 0.2546875
0 0.7671875 0.50234375 0.3046875 0.2546875
0 0.78828125 0.67421875 0.334375 0.2078125
0 0.8265625 0.8734375 0.346875 0.2125
0 0.92734375 0.3796875 0.1421875 0.18125
0 0.934375 0.56171875 0.13125 0.2046875
0 0.95703125 0.74609375 0.0859375 0.1796875
0 0.90546875 0.20625 0.140625 0.1984375
0 0.8515625 0.07109375 0.196875 0.1421875