0 0.9296875 0.24765625 0.140625 0.2453125
0 0.88203125 0.42265625 0.2359375 0.3265625
0 0.83984375 0.634375 0.3203125 0.321875
0 0.74140625 0.82109375 0.378125 0.325
0 0.69921875 0.13984375 0.4140625 0.2796875
0 0.66796875 0.9265625 0.3734375 0.146875
0 0.65078125 0.303125 0.440625 0.3625
0 0.57421875 0.4796875 0.4234375 0.359375
0 0.4953125 0.65859375 0.421875 0.3375
0 0.42109375 0.83046875 0.3796875 0.3140625
0 0.4328125 0.034375 0.25 0.06875
0 0.3796875 0.13046875 0.35 0.2609375
0 0.29609375 0.26640625 0.3796875 0.325
0 0.2390625 0.4421875 0.296875 0.2484375
0 0.184375 0.6046875 0.36875 0.3125
0 0.14765625 0.78046875 0.2953125 0.3015625
0 0.1140625 0.28828125 0.18125 0.20625
0 0.07265625 0.459375 0.1453125 0.221875
0 0.02890625 0.63046875 0.0578125 0.1953125
0 0.171875 0.1234375 0.1765625 0.215625
0 0.25859375 0.04375 0.2265625 0.0875