0 0.2796875 0.78671875 0.33125 0.25
0 0.26796875 0.6234375 0.3671875 0.259375
0 0.13515625 0.47734375 0.2703125 0.2828125
0 0.38203125 0.896875 0.2890625 0.20625
0 0.62578125 0.79296875 0.2515625 0.2015625
0 0.884375 0.8203125 0.23125 0.215625
0 0.86171875 0.634375 0.2765625 0.3625
0 0.80703125 0.36796875 0.3859375 0.3421875
0 0.790625 0.08046875 0.225 0.1609375
0 0.5359375 0.0859375 0.34375 0.171875
0 0.39296875 0.18046875 0.3484375 0.2828125
0 0.6546875 0.24765625 0.3703125 0.25625
0 0.165625 0.19453125 0.25 0.2140625
0 0.3171875 0.4 0.2453125 0.209375
0 0.2078125 0.92890625 0.2125 0.1421875