0 0.26015625 0.2296875 0.325 0.234375
0 0.26015625 0.39296875 0.3484375 0.2203125
0 0.134375 0.5484375 0.26875 0.26875
0 0.3546875 0.1109375 0.296875 0.221875
0 0.6046875 0.1984375 0.2515625 0.2015625
0 0.875 0.14921875 0.25 0.1953125
0 0.86796875 0.33984375 0.2640625 0.3140625
0 0.8171875 0.609375 0.365625 0.3
0 0.8171875 0.90703125 0.225 0.1859375
0 0.5671875 0.91953125 0.334375 0.1609375
0 0.41484375 0.82578125 0.3625 0.3
0 0.671875 0.740625 0.371875 0.2515625
0 0.1875 0.828125 0.2625 0.228125
0 0.325 0.6125 0.24375 0.2046875
0 0.17890625 0.08203125 0.2109375 0.1640625