0 0.90703125 0.3890625 0.1859375 0.178125
0 0.928125 0.3109375 0.14375 0.1625
0 0.85234375 0.22890625 0.153125 0.1453125
0 0.809375 0.3 0.1609375 0.1546875
0 0.80390625 0.41953125 0.190625 0.1703125
0 0.82734375 0.60546875 0.1625 0.1640625
0 0.7640625 0.77578125 0.1796875 0.1671875
0 0.75 0.546875 0.1703125 0.175
0 0.7203125 0.28359375 0.128125 0.121875
0 0.66484375 0.39609375 0.16875 0.15
0 0.69921875 0.934375 0.2046875 0.13125
0 0.721875 0.86171875 0.178125 0.146875
0 0.54609375 0.73046875 0.196875 0.1625
0 0.6359375 0.69453125 0.140625 0.1296875
0 0.634375 0.59296875 0.171875 0.1421875
0 0.62421875 0.496875 0.196875 0.1890625
0 0.51796875 0.33984375 0.15625 0.1421875
0 0.5078125 0.425 0.1609375 0.1578125
0 0.49296875 0.53828125 0.121875 0.1109375
0 0.528125 0.6328125 0.1328125 0.115625
0 0.45703125 0.80703125 0.1546875 0.15
0 0.31640625 0.784375 0.1375 0.134375
0 0.63046875 0.98125 0.1453125 0.0375
0 0.38671875 0.7234375 0.1484375 0.13125
0 0.3234375 0.5890625 0.159375 0.134375
0 0.3515625 0.51484375 0.1734375 0.15625
0 0.375 0.40234375 0.1796875 0.1578125
0 0.3125 0.25234375 0.153125 0.125
0 0.52421875 0.18203125 0.1453125 0.153125
0 0.54765625 0.2421875 0.0875 0.08125
0 0.64453125 0.19609375 0.1203125 0.1171875
0 0.26015625 0.66171875 0.159375 0.1390625
0 0.20625 0.56796875 0.1578125 0.153125
0 0.253125 0.44453125 0.11875 0.1078125
0 0.1765625 0.66328125 0.1125 0.103125