0 0.3890625 0.9109375 0.159375 0.178125
0 0.3109375 0.93203125 0.14375 0.1359375
0 0.22890625 0.85234375 0.1515625 0.1578125
0 0.3 0.809375 0.1453125 0.153125
0 0.41953125 0.80390625 0.15 0.175
0 0.60546875 0.82734375 0.1703125 0.16875
0 0.77578125 0.7640625 0.159375 0.1734375
0 0.546875 0.75 0.178125 0.175
0 0.28359375 0.7203125 0.1140625 0.1234375
0 0.39609375 0.66484375 0.140625 0.1625
0 0.928125 0.6984375 0.14375 0.21875
0 0.86171875 0.721875 0.1484375 0.1796875
0 0.73046875 0.54609375 0.1796875 0.209375
0 0.69453125 0.6359375 0.125 0.1375
0 0.59296875 0.634375 0.1625 0.184375
0 0.496875 0.62421875 0.1875 0.196875
0 0.33984375 0.51796875 0.125 0.1453125
0 0.425 0.5078125 0.1609375 0.1625
0 0.53828125 0.49296875 0.1265625 0.1359375
0 0.6328125 0.528125 0.121875 0.1359375
0 0.80703125 0.45703125 0.159375 0.1640625
0 0.784375 0.31640625 0.1296875 0.134375
0 0.9765625 0.63046875 0.046875 0.1578125
0 0.7234375 0.38671875 0.125 0.14375
0 0.5890625 0.3234375 0.13125 0.1578125
0 0.51484375 0.3515625 0.1359375 0.159375
0 0.40234375 0.375 0.1546875 0.178125
0 0.25234375 0.3125 0.1265625 0.153125
0 0.18203125 0.52421875 0.146875 0.1390625
0 0.2421875 0.54765625 0.0890625 0.09375
0 0.19609375 0.64453125 0.1046875 0.1078125
0 0.66171875 0.26015625 0.1578125 0.1734375
0 0.56796875 0.20625 0.153125 0.15625
0 0.44453125 0.253125 0.109375 0.1203125
0 0.66328125 0.1765625 0.109375 0.1171875