0 0.1890625 0.796875 0.25 0.2875
0 0.45703125 0.75 0.203125 0.234375
0 0.83828125 0.75703125 0.215625 0.3046875
0 0.66484375 0.7078125 0.2140625 0.246875
0 0.54296875 0.5828125 0.1625 0.2140625
0 0.89296875 0.53828125 0.165625 0.2390625
0 0.70546875 0.503125 0.2078125 0.2296875
0 0.5640625 0.38828125 0.16875 0.23125
0 0.38046875 0.540625 0.221875 0.278125
0 0.246875 0.57265625 0.190625 0.2359375
0 0.453125 0.92578125 0.18125 0.1484375
0 0.2921875 0.940625 0.153125 0.11875
0 0.06796875 0.62890625 0.13125 0.18125
0 0.121875 0.4765625 0.14375 0.1765625
0 0.18046875 0.325 0.178125 0.2296875
0 0.05 0.3875 0.1 0.24375
0 0.1671875 0.14453125 0.184375 0.2015625
0 0.46953125 0.21171875 0.1828125 0.1953125
0 0.4171875 0.3671875 0.153125 0.18125
0 0.259375 0.41171875 0.140625 0.1703125
0 0.79453125 0.33828125 0.2421875 0.2625
0 0.66484375 0.15234375 0.1484375 0.16875
0 0.534375 0.08359375 0.1484375 0.140625
0 0.9609375 0.65859375 0.078125 0.2390625
0 0.9109375 0.30546875 0.16875 0.278125