0 0.11875 0.67265625 0.2375 0.2984375
0 0.3734375 0.7203125 0.184375 0.221875
0 0.73046875 0.846875 0.2609375 0.30625
0 0.58359375 0.7515625 0.221875 0.253125
0 0.5125 0.59296875 0.1953125 0.2375
0 0.85625 0.6703125 0.1875 0.2515625
0 0.6921875 0.5734375 0.215625 0.2375
0 0.5984375 0.4171875 0.2296875 0.2671875
0 0.37421875 0.49765625 0.2140625 0.2765625
0 0.2375 0.48203125 0.203125 0.2453125
0 0.30703125 0.89453125 0.1859375 0.175
0 0.1484375 0.85546875 0.1859375 0.1796875
0 0.06796875 0.47421875 0.1359375 0.2046875
0 0.15234375 0.3484375 0.165625 0.190625
0 0.259375 0.2265625 0.2109375 0.2484375
0 0.09375 0.234375 0.1375 0.2421875
0 0.30859375 0.07421875 0.1765625 0.1484375
0 0.56953125 0.21875 0.190625 0.203125
0 0.46796875 0.346875 0.1796875 0.2015625
0 0.30390625 0.334375 0.1453125 0.1734375
0 0.83203125 0.4484375 0.2171875 0.24375
0 0.77421875 0.2296875 0.178125 0.190625
0 0.675 0.1203125 0.1671875 0.159375
0 0.9 0.8140625 0.1296875 0.2453125
0 0.92421875 0.45625 0.1515625 0.290625