0 0.203125 0.92265625 0.0875 0.10625
0 0.19296875 0.98828125 0.0921875 0.0234375
0 0.271875 0.95234375 0.1 0.090625
0 0.28828125 0.7890625 0.10625 0.1140625
0 0.33125 0.69609375 0.084375 0.0953125
0 0.36484375 0.7953125 0.0796875 0.096875
0 0.41484375 0.88828125 0.0734375 0.096875
0 0.1375 0.4859375 0.0984375 0.096875
0 0.12109375 0.36875 0.084375 0.0890625
0 0.0796875 0.28125 0.08125 0.084375
0 0.28828125 0.4703125 0.0609375 0.0875
0 0.3515625 0.53984375 0.0796875 0.078125
0 0.21875 0.57421875 0.0765625 0.0984375
0 0.23828125 0.47421875 0.0546875 0.065625
0 0.33828125 0.29375 0.071875 0.0703125
0 0.38359375 0.38203125 0.06875 0.090625
0 0.44765625 0.7921875 0.0703125 0.0734375
0 0.55859375 0.81953125 0.040625 0.0546875
0 0.49296875 0.8265625 0.06875 0.0828125
0 0.38671875 0.971875 0.0765625 0.05625
0 0.31484375 0.18515625 0.084375 0.0828125
0 0.36328125 0.05859375 0.0625 0.071875
0 0.4359375 0.03125 0.05625 0.0625
0 0.246875 0.1640625 0.065625 0.065625
0 0.26328125 0.30703125 0.0828125 0.0828125
0 0.2171875 0.3421875 0.0796875 0.06875
0 0.0640625 0.196875 0.1078125 0.0953125
0 0.02109375 0.23671875 0.0421875 0.1046875
0 0.0140625 0.3609375 0.028125 0.1125
0 0.03203125 0.54375 0.0640625 0.11875
0 0.3578125 0.44375 0.0921875 0.09375
0 0.2828125 0.37421875 0.0890625 0.0953125
0 0.47265625 0.37265625 0.0640625 0.0671875
0 0.478125 0.61953125 0.059375 0.059375
0 0.61796875 0.8546875 0.0453125 0.0484375
0 0.6703125 0.84921875 0.04375 0.053125
0 0.57265625 0.63515625 0.040625 0.0453125
0 0.60859375 0.53515625 0.034375 0.05
0 0.5234375 0.5 0.0734375 0.0734375
0 0.48984375 0.2078125 0.034375 0.0453125
0 0.43125 0.253125 0.04375 0.0421875
0 0.5125 0.34765625 0.034375 0.0375
0 0.4375 0.1015625 0.0421875 0.05
0 0.19296875 0.74765625 0.08125 0.078125