0 0.1171875 0.21015625 0.234375 0.2234375
0 0.41328125 0.19921875 0.3 0.303125
0 0.69765625 0.0921875 0.2359375 0.184375
0 0.6484375 0.0375 0.303125 0.075
0 0.27890625 0.346875 0.265625 0.2375
0 0.7203125 0.25234375 0.2796875 0.2546875
0 0.51015625 0.48046875 0.3015625 0.2578125
0 0.7046875 0.6546875 0.1875 0.165625
0 0.634375 0.771875 0.1671875 0.153125
0 0.778125 0.82890625 0.178125 0.1453125
0 0.565625 0.8640625 0.128125 0.1046875
0 0.68984375 0.93671875 0.1546875 0.1
0 0.2296875 0.63984375 0.2078125 0.171875
0 0.421875 0.715625 0.1609375 0.1453125
0 0.5359375 0.63125 0.1890625 0.159375
0 0.721875 0.540625 0.1640625 0.140625
0 0.85703125 0.484375 0.1359375 0.1234375
0 0.8375 0.36171875 0.1453125 0.1125
0 0.87265625 0.28515625 0.13125 0.10625
0 0.025 0.46875 0.05 0.084375
0 0.0765625 0.57421875 0.153125 0.1109375
0 0.06875 0.646875 0.109375 0.0953125
0 0.15859375 0.753125 0.1765625 0.1484375
0 0.29453125 0.7609375 0.1421875 0.115625
0 0.40703125 0.8484375 0.128125 0.1140625
0 0.4859375 0.94921875 0.13125 0.1015625
0 0.8796875 0.55625 0.125 0.0984375
0 0.81796875 0.63359375 0.13125 0.1015625