0 0.79921875 0.8265625 0.375 0.3078125
0 0.4640625 0.90078125 0.428125 0.1984375
0 0.409375 0.771875 0.603125 0.428125
0 0.18125 0.6109375 0.3625 0.33125
0 0.1578125 0.8609375 0.240625 0.278125
0 0.4859375 0.509375 0.40625 0.3171875
0 0.81875 0.54375 0.3625 0.403125
0 0.596875 0.31171875 0.4625 0.3984375
0 0.6390625 0.1203125 0.45 0.240625
0 0.26640625 0.15078125 0.4140625 0.29375
0 0.2015625 0.36953125 0.403125 0.3140625
0 0.0546875 0.178125 0.109375 0.221875
0 0.86953125 0.25703125 0.2359375 0.321875