0 0.17734375 0.54296875 0.06875 0.05625
0 0.2125 0.66015625 0.034375 0.05625
0 0.22109375 0.75234375 0.046875 0.0453125
0 0.2484375 0.80703125 0.0578125 0.0453125
0 0.378125 0.7546875 0.0625 0.071875
0 0.42890625 0.715625 0.0453125 0.05
0 0.48515625 0.75390625 0.05625 0.0640625
0 0.64140625 0.4828125 0.0515625 0.071875
0 0.72578125 0.471875 0.03125 0.0375
0 0.76640625 0.51953125 0.0625 0.0703125
0 0.825 0.51796875 0.0421875 0.0546875
0 0.74140625 0.56796875 0.059375 0.0703125
0 0.81015625 0.6765625 0.05625 0.075
0 0.0140625 0.4859375 0.028125 0.046875