0 0.825 0.490625 0.071875 0.0609375
0 0.80234375 0.37109375 0.0359375 0.05625
0 0.80390625 0.278125 0.05 0.046875
0 0.78203125 0.22109375 0.0578125 0.0453125
0 0.64765625 0.259375 0.05625 0.0671875
0 0.59375 0.29296875 0.040625 0.046875
0 0.54140625 0.24921875 0.046875 0.059375
0 0.3578125 0.50234375 0.053125 0.071875
0 0.27265625 0.50390625 0.03125 0.0375
0 0.2375 0.45234375 0.0546875 0.065625
0 0.178125 0.4484375 0.0359375 0.0515625
0 0.2671875 0.40703125 0.0578125 0.0671875
0 0.209375 0.29140625 0.0484375 0.071875
0 0.98359375 0.5640625 0.0328125 0.04375