0 0.35703125 0.51328125 0.1046875 0.08125
0 0.31640625 0.78828125 0.0921875 0.078125
0 0.48203125 0.6421875 0.0671875 0.0609375
0 0.48984375 0.728125 0.0828125 0.065625
0 0.53984375 0.77734375 0.0734375 0.0609375
0 0.4609375 0.9453125 0.053125 0.05625
0 0.5046875 0.93046875 0.0515625 0.0390625
0 0.55234375 0.91953125 0.0609375 0.0484375
0 0.44609375 0.4421875 0.071875 0.0671875
0 0.490625 0.42421875 0.04375 0.046875
0 0.5203125 0.5765625 0.075 0.0671875
0 0.61640625 0.58046875 0.0578125 0.040625
0 0.35546875 0.359375 0.046875 0.040625
0 0.3890625 0.3453125 0.0421875 0.034375
0 0.4234375 0.340625 0.0375 0.0328125