0 0.621875 0.1140625 0.328125 0.2234375
0 0.3953125 0.259375 0.3046875 0.2359375
0 0.15859375 0.2859375 0.2921875 0.2328125
0 0.1625 0.11484375 0.259375 0.2296875
0 0.375 0.1171875 0.2375 0.178125
0 0.090625 0.69296875 0.18125 0.1828125
0 0.2046875 0.775 0.328125 0.2234375
0 0.11328125 0.87421875 0.2265625 0.1859375
0 0.478125 0.9421875 0.2625 0.115625
0 0.7375 0.96484375 0.240625 0.0703125
0 0.46875 0.8 0.2671875 0.21875
0 0.29296875 0.596875 0.3140625 0.1671875
0 0.228125 0.44765625 0.3234375 0.2390625
0 0.47734375 0.4015625 0.2375 0.1859375
0 0.60234375 0.4828125 0.265625 0.178125
0 0.66640625 0.61328125 0.25625 0.18125
0 0.7671875 0.80625 0.265625 0.221875
0 0.71875 0.90703125 0.2328125 0.1296875
0 0.7296875 0.6859375 0.1921875 0.1625
0 0.9 0.54140625 0.2 0.1734375
0 0.75390625 0.48984375 0.1390625 0.153125
0 0.890625 0.415625 0.21875 0.1875
0 0.65859375 0.32578125 0.28125 0.2
0 0.878125 0.2828125 0.1859375 0.1203125
0 0.8734375 0.1671875 0.253125 0.153125
0 0.06796875 0.5546875 0.1359375 0.140625
0 0.14765625 0.00859375 0.1765625 0.0171875
0 0.9015625 0.90078125 0.1140625 0.1
0 0.90703125 0.6734375 0.1640625 0.1375
0 0.80703125 0.0671875 0.1984375 0.0890625