0 0.13671875 0.37109375 0.2734375 0.3609375
0 0.3671875 0.27421875 0.29375 0.328125
0 0.52890625 0.125 0.2734375 0.25
0 0.38359375 0.07578125 0.2953125 0.1515625
0 0.2640625 0.1734375 0.246875 0.271875
0 0.8953125 0.2671875 0.209375 0.25
0 0.86796875 0.421875 0.2640625 0.3625
0 0.95859375 0.39296875 0.0828125 0.2890625
0 0.8734375 0.7453125 0.21875 0.275
0 0.75703125 0.92890625 0.1859375 0.1421875
0 0.7609375 0.65078125 0.25625 0.28125
0 0.7 0.3890625 0.30625 0.359375
0 0.61796875 0.24921875 0.328125 0.365625
0 0.43359375 0.4234375 0.234375 0.2609375
0 0.42578125 0.57265625 0.2546875 0.2921875
0 0.49375 0.70078125 0.25 0.284375
0 0.590625 0.878125 0.253125 0.24375
0 0.7 0.89296875 0.221875 0.2140625
0 0.51484375 0.7953125 0.1953125 0.2109375
0 0.29921875 0.846875 0.25 0.259375
0 0.3421875 0.69921875 0.184375 0.178125
0 0.19453125 0.778125 0.2265625 0.2578125
0 0.265625 0.52578125 0.2578125 0.296875
0 0.10234375 0.67890625 0.2046875 0.2296875
0 0.06171875 0.6203125 0.1234375 0.30625
0 0.80390625 0.1734375 0.1640625 0.171875
0 0.40234375 0.9109375 0.2078125 0.178125
0 0.02421875 0.49453125 0.0484375 0.2046875