0 0.43984375 0.1 0.3109375 0.190625
0 0.640625 0.27890625 0.2921875 0.2234375
0 0.86484375 0.34140625 0.2703125 0.2140625
0 0.88984375 0.16875 0.2203125 0.196875
0 0.68359375 0.14140625 0.221875 0.15625
0 0.8875 0.7578125 0.2140625 0.1953125
0 0.7484375 0.8171875 0.309375 0.1765625
0 0.8421875 0.9296875 0.246875 0.140625
0 0.45078125 0.94921875 0.2515625 0.1015625
0 0.1890625 0.95 0.2375 0.0859375
0 0.484375 0.8015625 0.25625 0.2125
0 0.6890625 0.628125 0.3109375 0.159375
0 0.77734375 0.490625 0.3046875 0.2046875
0 0.5375 0.40625 0.2234375 0.1625
0 0.4015625 0.4671875 0.2578125 0.165625
0 0.31796875 0.5859375 0.24375 0.1578125
0 0.18828125 0.76015625 0.24375 0.1890625
0 0.2203125 0.86796875 0.2296875 0.125
0 0.24375 0.64765625 0.1859375 0.159375
0 0.09609375 0.47890625 0.1921875 0.1546875
0 0.25078125 0.45 0.128125 0.14375
0 0.11328125 0.3546875 0.221875 0.15
0 0.37109375 0.303125 0.26875 0.18125
0 0.16015625 0.2265625 0.1890625 0.125
0 0.16484375 0.11015625 0.290625 0.1703125
0 0.9296875 0.62265625 0.1359375 0.1140625
0 0.9203125 0.04453125 0.159375 0.0671875
0 0.05 0.83203125 0.1 0.1109375
0 0.078125 0.6078125 0.15625 0.146875
0 0.26328125 0.034375 0.1984375 0.06875