0 0.14765625 0.215625 0.2515625 0.2046875
0 0.1 0.66171875 0.178125 0.1421875
0 0.29609375 0.6171875 0.1296875 0.09375
0 0.3 0.6953125 0.0984375 0.08125
0 0.2953125 0.825 0.1140625 0.1109375
0 0.3265625 0.9234375 0.096875 0.1015625
0 0.865625 0.46640625 0.0421875 0.0421875
0 0.69765625 0.50390625 0.046875 0.0390625
0 0.59453125 0.42734375 0.0390625 0.046875
0 0.73828125 0.97421875 0.0609375 0.05
0 0.7234375 0.93125 0.0609375 0.0484375
0 0.66484375 0.75546875 0.0484375 0.0375
0 0.56328125 0.86640625 0.0484375 0.0546875
0 0.4 0.05703125 0.075 0.0671875
0 0.03515625 0.496875 0.0703125 0.10625
0 0.5640625 0.67734375 0.0484375 0.046875
0 0.77890625 0.30390625 0.0671875 0.0578125
0 0.71640625 0.171875 0.040625 0.0328125
0 0.86484375 0.36875 0.0484375 0.0390625