0 0.20625 0.21640625 0.2734375 0.3375
0 0.42109375 0.2078125 0.31875 0.3484375
0 0.2984375 0.45078125 0.275 0.3
0 0.4578125 0.525 0.228125 0.2734375
0 0.5484375 0.6984375 0.26875 0.2953125
0 0.3015625 0.66796875 0.215625 0.2421875
0 0.1203125 0.74453125 0.240625 0.2015625
0 0.6953125 0.8484375 0.3 0.303125
0 0.82421875 0.6390625 0.3515625 0.415625
0 0.9046875 0.3890625 0.190625 0.26875
0 0.5703125 0.3171875 0.2078125 0.234375
0 0.696875 0.2046875 0.1453125 0.153125
0 0.58203125 0.1375 0.184375 0.1953125
0 0.3328125 0.08046875 0.25625 0.1609375