0 0.21640625 0.20625 0.3328125 0.378125
0 0.43125 0.20546875 0.3625 0.384375
0 0.30078125 0.44375 0.3078125 0.328125
0 0.45703125 0.5234375 0.228125 0.2734375
0 0.5421875 0.7 0.2671875 0.2953125
0 0.2953125 0.6609375 0.2546875 0.275
0 0.115625 0.7296875 0.23125 0.203125
0 0.68359375 0.85234375 0.2984375 0.2953125
0 0.8203125 0.65078125 0.359375 0.4203125
0 0.91015625 0.40625 0.1796875 0.25625
0 0.5765625 0.31953125 0.1875 0.2171875
0 0.70703125 0.21171875 0.159375 0.1671875
0 0.59453125 0.140625 0.171875 0.184375
0 0.34921875 0.07890625 0.2609375 0.1578125