0 0.63828125 0.4734375 0.1125 0.1078125
0 0.75 0.6109375 0.078125 0.0765625
0 0.84609375 0.61015625 0.06875 0.0625
0 0.92265625 0.5453125 0.05625 0.0640625
0 0.9703125 0.640625 0.053125 0.05625
0 0.89765625 0.6703125 0.053125 0.053125
0 0.90234375 0.709375 0.0484375 0.053125
0 0.8578125 0.73671875 0.0484375 0.05
0 0.815625 0.75234375 0.0625 0.0625
0 0.73828125 0.771875 0.0546875 0.0484375
0 0.6 0.79609375 0.0578125 0.0609375
0 0.709375 0.35390625 0.0671875 0.065625
0 0.75 0.26875 0.0703125 0.0734375
0 0.490625 0.2140625 0.0609375 0.05625
0 0.45703125 0.26015625 0.06875 0.0703125
0 0.4484375 0.32734375 0.053125 0.05625
0 0.50859375 0.48203125 0.0578125 0.0625
0 0.40859375 0.35234375 0.05 0.0515625
0 0.37578125 0.25390625 0.0375 0.0359375
0 0.41875 0.24296875 0.0515625 0.0484375