0 0.38359375 0.42109375 0.10625 0.096875
0 0.4015625 0.24453125 0.0703125 0.0671875
0 0.3328125 0.17734375 0.0640625 0.053125
0 0.23359375 0.16953125 0.046875 0.0578125
0 0.2671875 0.06796875 0.046875 0.053125
0 0.3390625 0.0984375 0.046875 0.0453125
0 0.36328125 0.06796875 0.0421875 0.0515625
0 0.4140625 0.0796875 0.04375 0.0453125
0 0.45546875 0.0984375 0.0515625 0.0515625
0 0.5234375 0.1390625 0.0515625 0.0421875
0 0.6390625 0.21953125 0.053125 0.05625
0 0.24921875 0.45546875 0.0546875 0.053125
0 0.159375 0.48671875 0.059375 0.065625
0 0.3046875 0.709375 0.0578125 0.05
0 0.36015625 0.7 0.065625 0.0671875
0 0.41484375 0.65859375 0.0484375 0.053125
0 0.48125 0.50625 0.0546875 0.0625
0 0.459375 0.66875 0.0453125 0.0484375
0 0.41328125 0.76171875 0.040625 0.0390625
0 0.37578125 0.7390625 0.053125 0.05