0 0.61796875 0.77265625 0.4296875 0.31875
0 0.5265625 0.90234375 0.315625 0.1953125
0 0.825 0.215625 0.35 0.33125
0 0.92734375 0.3640625 0.1453125 0.28125
0 0.91015625 0.55234375 0.1796875 0.2703125
0 0.85 0.74453125 0.2390625 0.2671875
0 0.7578125 0.91484375 0.259375 0.1703125
0 0.66015625 0.5515625 0.453125 0.365625
0 0.77421875 0.41875 0.296875 0.24375
0 0.58828125 0.2625 0.3546875 0.2671875
0 0.37734375 0.12265625 0.3546875 0.2453125
0 0.30859375 0.26953125 0.3015625 0.275
0 0.41953125 0.6 0.2375 0.2203125
0 0.49296875 0.4328125 0.2625 0.271875
0 0.3359375 0.7828125 0.2640625 0.246875
0 0.22421875 0.59296875 0.3234375 0.2828125
0 0.128125 0.734375 0.25625 0.296875
0 0.278125 0.44453125 0.3 0.2421875
0 0.13125 0.3203125 0.21875 0.1875
0 0.22734375 0.07890625 0.2296875 0.1578125
0 0.03203125 0.74140625 0.0640625 0.2203125
0 0.2703125 0.8859375 0.2796875 0.196875