0 0.3359375 0.4203125 0.146875 0.1765625
0 0.21953125 0.29296875 0.15625 0.171875
0 0.0578125 0.15859375 0.115625 0.1640625
0 0.284375 0.1609375 0.11875 0.14375
0 0.3609375 0.28046875 0.09375 0.109375
0 0.43359375 0.465625 0.1109375 0.1546875
0 0.46015625 0.09921875 0.0921875 0.096875
0 0.58984375 0.04453125 0.1078125 0.0890625
0 0.72421875 0.12890625 0.1046875 0.125
0 0.528125 0.36875 0.0671875 0.0796875
0 0.48671875 0.46953125 0.071875 0.0828125
0 0.56640625 0.596875 0.0984375 0.10625
0 0.4359375 0.62578125 0.1046875 0.1078125
0 0.26640625 0.528125 0.1125 0.121875
0 0.61796875 0.4671875 0.0625 0.065625
0 0.69921875 0.5484375 0.0765625 0.0828125
0 0.0234375 0.546875 0.046875 0.078125
0 0.07421875 0.63046875 0.0734375 0.0703125
0 0.16484375 0.5765625 0.08125 0.065625
0 0.0671875 0.73359375 0.06875 0.078125
0 0.1171875 0.7640625 0.071875 0.071875
0 0.16484375 0.75 0.065625 0.065625
0 0.20078125 0.6875 0.05625 0.0671875
0 0.31640625 0.6625 0.0625 0.06875
0 0.27109375 0.71875 0.0609375 0.0796875
0 0.35390625 0.7375 0.05625 0.05625
0 0.54609375 0.24921875 0.1515625 0.1640625
0 0.91171875 0.46171875 0.08125 0.0859375
0 0.95078125 0.3671875 0.0796875 0.1015625
0 0.840625 0.42421875 0.0796875 0.06875
0 0.76953125 0.565625 0.09375 0.1015625
0 0.33671875 0.85078125 0.0671875 0.0640625
0 0.40859375 0.84765625 0.065625 0.0828125