0 0.340625 0.41171875 0.1890625 0.1671875
0 0.16953125 0.3890625 0.1734375 0.1609375
0 0.01953125 0.3 0.0390625 0.2125
0 0.0984375 0.51796875 0.1453125 0.1265625
0 0.23984375 0.51171875 0.1140625 0.103125
0 0.43359375 0.465625 0.1703125 0.146875
0 0.14921875 0.69765625 0.10625 0.1015625
0 0.16484375 0.8453125 0.1421875 0.1328125
0 0.32421875 0.89609375 0.1515625 0.1390625
0 0.40859375 0.5984375 0.0796875 0.06875
0 0.4671875 0.50703125 0.08125 0.071875
0 0.6171875 0.4984375 0.128125 0.1234375
0 0.565625 0.375 0.1109375 0.1078125
0 0.3890625 0.2921875 0.1453125 0.1390625
0 0.540625 0.615625 0.0765625 0.0734375
0 0.65390625 0.63515625 0.1 0.0984375
0 0.26328125 0.08125 0.084375 0.06875
0 0.3625 0.0765625 0.0859375 0.0875
0 0.37109375 0.18125 0.0703125 0.08125
0 0.4421875 0.02578125 0.084375 0.0515625
0 0.49609375 0.03671875 0.0796875 0.0734375
0 0.5125 0.08203125 0.0765625 0.0765625
0 0.48203125 0.146875 0.078125 0.071875
0 0.528125 0.25625 0.078125 0.075
0 0.54765625 0.18671875 0.078125 0.0609375
0 0.61015625 0.24453125 0.0609375 0.0609375
0 0.32109375 0.68203125 0.178125 0.1703125
0 0.70546875 0.859375 0.0953125 0.0921875
0 0.65 0.94609375 0.1078125 0.0921875
0 0.63359375 0.82265625 0.0828125 0.0890625
0 0.70859375 0.6828125 0.109375 0.103125
0 0.69375 0.16484375 0.078125 0.0796875
0 0.73203125 0.22578125 0.090625 0.08125